1000 9913
569 350
218 116
592 841
510 756
497 139
960 813
775 338
66 416
927 535
237 201
385 660
959 134
137 91
856 925
963 835
602 129
613 2
755 421
779 908
243 761
852 713
783 101
697 476
716 8
772 266
811 292
152 935
544 377
469 232
19 313
371 654
649 210
267 548
528 941
40 507
393 492
915 371
554 209
661 859
170 710
706 308
523 854
908 984
122 63
819 207
455 747
437 876
666 678
903 855
213 549
389 649
691 9
838 424
325 779
911 532
516 164
97 868
847 511
98 407
460 786
173 455
249 33
434 949
718 669
844 616
421 649
351 584
248 359
240 717
620 135
748 460
896 717
663 405
888 311
616 870
581 252
984 714
88 447
801 9
662 87
274 876
172 295
874 153
718 302
386 453
741 631
922 307
742 400
304 70
698 794
628 479
499 229
580 346
102 898
609 788
234 282
508 365
932 735
972 540
827 483
810 895
390 39
105 15
737 988
56 965
702 604
977 451
815 935
310 686
180 366
362 521
683 64
936 655
484 36
481 476
8 456
848 463
920 972
740 245
703 963
138 777
587 618
824 296
521 328
351 421
208 957
122 927
963 831
697 399
20 420
562 823
851 914
47 845
873 590
373 443
684 703
791 373
501 362
696 192
71 72
648 163
353 419
388 358
815 313
999 556
265 757
568 506
307 187
933 142
618 183
483 89
762 944
320 195
122 83
251 445
736 731
383 168
244 930
896 907
624 492
912 165
608 628
92 669
723 805
425 554
961 616
68 406
529 172
865 244
885 249
279 432
927 484
468 511
567 797
434 699
918 233
25 110
687 420
296 794
306 577
344 692
384 283
956 395
775 833
723 496
154 957
290 634
697 368
12 307
429 357
107 631
736 101
202 897
632 886
831 638
318 519
926 326
729 944
125 853
953 484
826 90
665 472
22 852
189 810
263 275
824 631
237 990
38 529
124 696
202 867
977 672
836 486
587 808
107 802
76 307
775 261
872 402
394 288
108 988
939 562
436 923
552 836
60 799
756 556
116 643
395 279
983 343
472 943
324 944
734 971
368 704
960 900
562 840
179 296
566 468
351 773
517 240
557 751
852 513
963 680
986 843
455 508
799 916
976 301
207 623
722 833
778 639
818 512
708 764
507 981
308 738
775 50
388 346
368 140
773 841
781 366
970 185
218 642
683 596
558 928
960 511
100 674
28 391
782 808
628 556
900 723
973 899
444 183
701 793
116 367
723 193
874 319
658 556
589 792
26 631
384 473
537 645
151 892
206 280
944 641
193 659
250 612
859 574
898 206
441 393
832 886
137 896
961 270
374 973
313 22
434 558
976 641
640 857
187 234
23 576
139 79
236 885
845 929
457 608
105 54
713 311
197 622
976 943
229 93
780 931
33 290
345 624
481 5
276 130
684 7
81 94
121 813
328 753
691 780
820 886
952 294
589 15
989 789
703 27
500 332
284 443
645 526
868 41
542 302
489 892
132 118
190 900
601 867
754 259
637 824
298 301
136 448
550 247
147 704
41 453
333 789
687 826
88 104
770 562
532 725
469 754
844 359
192 966
744 531
377 78
361 945
692 354
342 668
97 863
692 532
317 850
600 114
790 244
847 294
425 721
984 320
838 111
576 26
705 442
908 121
620 819
533 612
128 604
722 585
236 955
862 643
206 231
945 85
272 505
662 170
702 839
776 825
879 988
708 444
139 107
638 53
620 608
388 168
901 563
668 962
499 185
603 246
232 284
506 871
747 623
972 584
935 340
971 640
739 700
955 491
613 219
917 282
502 522
779 754
589 162
437 405
133 908
158 337
142 890
474 138
762 434
811 121
485 522
432 650
553 962
19 90
20 385
282 744
744 947
906 494
490 887
200 749
15 142
535 967
22 766
852 569
708 677
454 885
240 161
38 116
4 44
863 647
942 558
696 148
782 235
551 302
632 998
174 775
468 32
587 26
455 746
211 261
900 863
670 795
213 980
461 831
681 98
23 536
814 326
356 972
107 78
988 461
992 904
525 2
732 970
505 744
511 390
979 976
603 972
766 392
252 828
625 888
496 820
244 434
718 345
174 413
103 329
965 382
935 538
257 87
868 591
742 96
889 940
453 630
224 899
560 231
525 599
565 602
190 828
152 89
81 21
264 563
742 834
263 447
806 751
953 169
494 11
315 916
67 215
416 333
234 588
418 407
480 836
797 409
981 748
48 696
582 837
806 457
223 361
389 135
228 433
64 912
717 883
61 783
817 355
501 504
229 553
195 601
624 581
289 396
901 141
531 128
623 494
496 39
79 588
425 109
647 814
874 772
984 252
565 417
14 473
291 628
311 617
120 514
320 196
339 864
395 530
622 669
778 852
57 747
279 124
687 99
304 584
502 367
625 472
607 216
594 681
188 58
118 831
102 400
213 601
850 462
188 436
266 957
54 710
900 542
188 792
45 897
67 601
168 468
280 814
876 540
419 165
556 418
543 164
128 785
456 190
811 628
902 333
978 223
172 42
486 462
694 163
589 439
275 723
24 465
669 511
854 549
447 497
324 268
974 450
194 869
210 407
51 681
860 509
646 96
33 417
63 761
263 560
30 453
675 459
163 740
256 258
886 660
885 975
63 391
502 749
195 279
214 17
915 238
862 474
995 316
825 221
610 605
864 693
578 511
673 401
900 152
725 493
393 474
782 156
941 623
790 699
166 193
867 84
647 786
673 241
563 367
751 909
639 568
821 555
165 55
316 165
979 479
586 263
792 252
511 26
667 74
939 737
139 565
416 610
308 944
697 534
442 494
268 34
910 240
157 905
418 599
435 559
537 539
446 29
791 187
120 875
798 822
874 316
602 847
823 357
880 869
644 616
611 535
940 711
37 513
978 417
979 904
354 395
625 768
884 11
280 953
567 6
271 581
755 798
354 925
432 163
486 490
90 899
452 302
56 527
756 508
171 334
745 101
928 707
432 818
363 998
343 196
720 421
316 534
898 674
557 415
636 376
600 958
878 165
290 658
665 582
939 99
940 440
553 997
789 557
195 627
428 891
895 755
713 963
203 189
421 206
526 874
485 759
839 488
808 580
710 797
232 816
476 737
298 445
156 819
870 736
979 937
71 305
864 218
239 819
865 480
810 419
335 460
373 57
836 679
377 62
305 809
123 558
162 914
126 451
390 22
240 834
519 946
408 526
433 205
89 611
456 314
331 746
795 315
893 532
451 481
468 449
107 387
59 228
542 755
983 519
486 37
421 78
719 57
279 616
353 392
34 301
533 837
992 41
849 496
153 393
906 841
357 169
177 307
50 515
767 914
955 268
663 567
522 441
650 370
963 265
237 532
947 906
349 902
243 191
924 740
851 444
135 271
546 146
267 927
884 444
928 606
266 349
471 260
272 838
807 238
1000 32
584 319
582 862
566 371
335 580
920 865
759 326
775 477
191 234
503 4
342 130
456 589
572 450
665 979
958 72
337 514
781 753
765 578
288 74
752 623
824 108
543 14
976 359
960 636
326 499
1000 365
178 921
985 479
752 510
398 178
971 92
13 133
207 550
809 987
566 703
264 315
799 333
296 227
118 54
744 737
710 458
32 813
737 616
990 106
772 185
445 681
639 321
288 502
861 967
645 454
773 529
993 551
227 747
446 843
784 886
362 270
878 846
184 694
258 69
225 30
960 87
779 557
11 647
936 192
679 824
480 76
944 763
339 131
893 568
325 444
201 230
477 273
940 655
558 42
101 389
379 815
823 194
607 699
556 447
538 94
704 330
764 698
266 829
528 152
234 137
972 266
608 918
917 506
756 22
724 401
663 603
315 713
708 32
105 13
214 441
694 119
896 186
811 809
323 751
30 95
803 733
487 860
272 787
203 569
593 891
708 198
466 729
186 680
81 310
69 993
881 271
185 496
777 212
691 570
29 191
803 904
184 56
241 57
483 68
178 554
317 950
240 383
734 329
179 492
161 585
255 697
593 718
278 28
977 687
752 879
450 553
40 821
131 158
65 390
820 274
325 860
17 27
164 95
628 859
420 160
493 534
810 488
412 540
107 156
605 437
400 60
199 708
771 479
735 790
403 835
412 947
804 413
550 361
334 708
245 439
690 100
512 844
625 569
681 383
97 96
199 342
177 8
676 38
885 360
278 782
67 745
987 392
382 466
331 912
979 860
361 85
475 205
93 694
538 805
372 371
285 324
543 453
674 404
12 205
634 784
354 728
760 843
945 719
531 945
938 400
364 806
835 40
538 704
637 140
74 858
77 853
613 99
972 37
48 677
836 676
643 778
366 333
646 131
886 516
542 304
89 168
260 940
826 527
562 985
228 293
691 647
765 522
768 396
136 817
578 111
852 626
299 530
304 952
235 656
211 884
320 178
937 37
956 775
648 464
758 415
540 70
709 585
868 385
862 105
630 197
995 840
724 394
84 41
838 502
987 808
288 574
625 507
917 525
847 332
441 580
218 456
303 766
960 596
847 509
353 905
877 22
614 427
852 276
410 355
598 752
148 403
149 966
935 608
957 623
802 912
340 599
713 219
969 161
96 51
439 797
352 173
376 803
255 685
68 57
729 865
732 64
382 319
261 446
210 342
124 752
125 41
733 938
38 672
630 299
958 529
880 368
688 117
962 588
780 605
341 625
12 567
371 10
807 372
534 660
369 328
777 929
962 763
12 646
389 573
369 473
422 301
355 794
581 899
265 230
189 601
301 736
677 809
678 626
110 16
593 74
208 1000
51 50
856 900
233 587
716 400
294 250
42 99
373 595
389 222
690 583
623 323
7 137
112 4
529 146
223 49
193 102
467 515
599 314
701 180
665 784
722 803
528 836
964 868
17 449
291 702
293 20
576 592
550 275
389 513
515 751
165 42
972 430
331 318
577 58
299 796
374 496
984 36
472 376
98 398
151 120
689 561
410 50
979 607
735 878
519 941
559 476
913 826
623 997
347 162
684 899
991 513
81 722
297 557
124 848
261 879
646 594
261 752
211 273
823 110
864 101
295 89
500 881
606 698
533 181
298 518
788 693
184 714
488 168
271 713
73 626
445 710
872 718
889 752
326 170
30 96
667 55
841 629
54 378
590 141
768 8
329 966
695 487
493 203
588 412
152 285
836 335
803 542
808 884
695 532
823 579
147 34
366 410
722 594
778 52
464 366
691 545
837 803
894 940
492 276
973 940
95 990
264 36
28 5
446 268
918 484
614 981
960 748
99 104
523 762
729 33
624 825
8 669
611 5
103 169
20 897
374 429
35 577
967 440
680 650
772 186
752 44
625 306
767 492
154 19
605 756
839 928
354 473
18 578
404 199
519 550
847 437
840 185
413 663
828 289
237 334
97 436
188 997
715 695
277 41
775 862
580 310
270 802
732 153
806 944
594 956
522 459
886 518
323 948
971 832
589 401
534 370
849 364
811 527
922 464
851 490
708 33
617 105
479 51
882 383
403 202
955 521
205 234
25 636
935 88
939 29
859 194
697 35
130 868
593 402
670 302
432 680
899 712
968 648
8 487
194 494
657 526
195 603
415 810
414 763
613 689
264 192
339 516
212 766
431 92
930 653
291 745
19 342
478 89
361 877
857 112
855 709
347 850
845 515
478 232
928 815
615 537
602 289
554 835
694 210
652 500
726 717
585 559
948 639
622 530
554 978
222 892
170 987
159 232
819 458
629 431
248 134
928 43
822 558
288 753
400 987
183 992
594 969
222 926
228 735
300 828
407 760
862 553
73 462
148 504
738 488
462 216
909 935
148 367
244 400
489 47
197 998
716 858
590 839
538 802
281 315
323 912
729 949
604 39
509 933
499 895
632 168
389 293
390 6
543 452
638 962
686 564
812 184
161 191
694 963
879 77
55 543
521 399
24 241
560 483
856 826
752 891
324 556
608 511
170 182
380 267
476 970
377 635
89 175
911 100
753 240
938 66
646 275
80 358
208 811
541 231
318 160
472 208
553 681
574 113
523 693
339 544
933 222
705 919
250 60
395 536
143 733
44 842
890 12
813 538
136 660
726 891
92 717
398 564
934 986
577 383
743 302
943 856
125 138
491 873
553 246
438 912
375 908
995 553
356 834
927 308
952 932
361 952
864 380
572 37
13 31
922 84
771 873
955 4
79 132
295 176
979 906
28 838
451 293
487 675
795 62
810 912
779 419
671 81
563 632
548 236
769 201
314 230
443 438
945 776
860 189
940 128
681 790
917 996
464 214
450 281
712 124
495 507
902 73
560 48
691 806
798 14
391 716
512 435
471 354
168 925
647 287
261 224
100 88
356 34
616 699
566 149
925 175
755 348
522 967
137 35
601 265
539 648
207 814
155 643
998 851
952 7
825 255
670 87
97 199
625 90
943 473
904 699
739 174
42 130
226 999
249 446
40 503
639 585
469 321
736 952
199 984
792 654
247 972
819 247
530 126
5 807
631 874
88 26
487 178
622 603
182 676
273 376
790 423
258 204
460 746
979 362
528 754
408 528
250 421
606 990
202 256
131 772
131 778
814 11
942 60
709 479
837 170
715 578
274 178
228 663
223 771
124 960
451 368
489 197
141 500
474 563
970 668
288 794
41 672
996 668
889 804
746 999
567 247
200 31
438 9
223 813
9 39
148 150
3 653
660 297
510 542
295 246
740 234
572 967
612 689
189 704
283 529
198 790
368 557
384 770
939 48
890 686
156 318
618 753
158 340
108 551
649 363
647 656
530 414
986 236
441 689
884 253
725 321
137 168
639 783
565 168
576 671
995 199
320 477
563 395
179 402
571 916
881 220
735 137
757 577
574 9
388 398
3 469
98 177
209 872
799 146
674 722
364 140
95 268
173 434
66 514
931 538
472 341
348 696
139 639
965 807
897 527
400 97
147 202
408 136
371 502
23 193
671 725
712 538
469 665
606 954
878 831
439 49
597 669
391 178
163 83
182 349
384 388
516 597
828 327
10 450
529 998
750 784
107 766
879 628
951 11
419 138
489 241
867 776
717 387
174 416
894 83
668 946
674 590
375 586
836 232
620 583
713 355
396 569
268 748
668 848
176 354
753 258
189 740
6 474
727 100
837 996
877 695
316 203
937 738
221 652
299 509
47 619
151 537
860 197
712 481
215 662
720 28
872 231
928 201
730 205
344 256
716 40
592 230
463 569
655 447
839 434
271 390
990 810
900 54
739 230
244 648
647 811
246 42
750 715
364 97
791 858
40 823
209 852
356 653
748 255
50 465
516 245
38 369
743 436
504 787
925 935
748 14
1 557
843 354
477 32
563 13
69 214
413 533
912 465
355 577
410 154
654 441
162 587
704 138
782 541
491 938
439 138
957 585
245 727
796 713
871 135
941 661
159 27
533 778
954 305
775 957
205 36
135 34
121 586
34 339
763 767
239 158
760 111
337 226
194 621
621 850
767 596
756 411
719 785
977 402
81 229
217 549
147 368
959 407
559 809
431 590
12 668
622 439
39 181
629 693
216 666
68 667
249 191
901 443
794 781
68 554
62 929
95 883
872 180
925 470
56 785
930 460
34 761
554 480
994 763
119 30
857 177
125 681
644 241
792 516
939 439
65 70
212 275
182 540
32 137
70 721
307 1
482 41
389 67
248 598
722 407
455 687
460 711
869 452
913 963
416 613
697 980
854 376
642 306
1 442
520 970
979 175
580 866
490 32
992 802
97 386
444 401
410 353
414 297
370 605
520 552
764 653
568 820
292 988
634 573
818 388
984 932
876 658
724 558
158 972
981 875
902 447
143 95
619 24
485 175
555 989
829 794
869 9
601 683
267 965
807 199
789 840
872 635
778 475
693 236
159 704
995 460
651 462
108 595
859 269
878 27
240 475
674 890
56 61
184 242
166 6
674 923
722 654
13 945
434 326
91 581
916 530
97 512
565 373
570 669
668 98
340 211
553 422
585 533
951 610
165 953
607 664
66 686
585 998
692 910
107 102
913 943
883 713
404 211
847 290
296 572
691 206
514 301
897 595
805 890
697 865
653 638
650 829
706 913
948 221
804 38
897 716
352 220
957 625
562 590
873 366
694 332
663 707
438 441
776 908
743 680
229 492
431 800
837 749
713 471
682 686
664 173
537 161
594 466
722 159
85 685
786 640
159 390
767 765
91 116
12 482
42 656
561 65
821 394
107 548
521 454
351 319
647 258
543 701
266 299
768 185
237 196
590 376
385 751
705 530
964 940
561 598
288 86
775 819
806 304
422 41
706 252
948 33
786 836
38 25
117 560
618 803
855 946
786 215
465 98
847 549
863 455
740 274
501 258
922 652
94 147
41 37
792 747
630 542
905 396
360 749
926 9
161 908
154 600
295 761
771 343
303 850
453 705
40 122
131 69
39 884
98 400
53 936
183 873
993 421
465 524
451 561
912 205
553 205
166 712
912 92
715 609
677 65
48 421
463 303
698 948
20 664
771 928
884 991
382 260
771 561
850 42
851 383
745 256
798 282
835 806
432 159
513 154
789 61
901 531
349 630
902 500
138 65
140 567
280 146
836 399
509 737
924 634
377 771
428 393
837 995
773 478
901 326
765 257
12 991
986 94
215 800
420 664
310 540
461 416
65 537
782 362
855 880
893 445
604 560
509 485
498 935
134 601
583 650
195 605
476 279
952 192
330 764
904 690
113 786
19 767
425 81
378 83
394 988
967 9
37 68
140 124
166 296
957 19
409 485
597 124
246 90
984 111
51 88
849 867
636 581
736 591
939 790
363 726
549 219
533 710
36 994
248 136
213 726
988 348
845 732
148 523
511 465
117 182
116 391
93 23
727 737
49 506
819 746
894 146
344 522
628 282
836 815
125 288
37 762
349 696
352 132
760 1
564 945
49 164
555 43
675 120
824 798
623 230
449 943
312 481
556 188
793 150
887 246
779 103
275 182
423 68
608 832
980 851
896 8
551 840
829 870
669 285
816 895
768 614
546 72
975 841
877 811
159 892
915 242
440 210
960 921
706 203
373 636
240 271
576 681
369 237
726 35
564 186
142 80
34 617
610 968
442 950
4 81
186 796
425 60
212 284
838 696
948 136
130 539
826 876
41 492
403 533
978 823
636 107
246 55
549 780
786 430
862 221
113 450
419 176
648 467
724 294
943 4
434 20
877 256
507 891
808 281
420 199
739 145
350 384
957 424
496 813
139 553
526 391
175 351
641 943
372 240
528 295
909 150
210 247
586 485
714 62
709 841
330 295
374 548
196 716
371 110
804 3
602 443
257 832
206 285
937 615
949 314
253 798
862 680
997 655
689 214
319 407
124 557
508 460
658 715
124 654
98 935
742 93
816 266
784 381
125 437
586 953
805 665
241 600
737 307
498 329
996 472
157 378
675 229
453 767
238 383
516 979
511 800
775 70
12 562
347 133
683 941
775 215
815 858
366 18
65 997
946 934
507 72
190 719
454 721
810 370
830 268
423 846
37 93
863 716
510 956
132 236
62 101
804 830
166 7
406 630
27 335
303 234
549 718
861 684
806 247
4 53
374 213
269 151
217 158
435 83
74 305
866 128
809 930
259 385
515 731
156 783
529 291
51 99
240 920
701 229
464 218
889 381
567 668
948 386
260 908
335 456
887 655
107 89
219 675
295 846
847 301
683 708
559 473
410 703
526 274
287 250
624 978
303 524
987 727
749 972
826 216
41 533
154 220
305 152
235 475
634 848
669 22
614 293
297 276
508 464
145 896
688 201
106 471
306 661
36 510
383 897
777 736
262 104
335 546
927 878
345 550
570 425
627 184
849 150
9 293
337 954
870 364
162 906
911 410
219 442
989 594
495 281
116 546
281 531
780 723
588 388
831 224
464 466
266 296
161 470
543 271
538 583
657 662
656 879
364 714
290 549
368 269
518 389
441 695
977 933
62 1
134 626
191 359
213 411
530 303
404 600
42 213
463 551
320 479
47 804
213 12
198 464
545 795
784 573
287 262
435 175
576 959
528 380
598 256
156 787
583 84
549 964
198 242
1 854
863 228
101 973
40 449
641 563
676 473
686 765
420 31
581 323
810 387
848 722
102 489
340 470
378 641
841 367
663 34
746 660
362 157
21 583
106 134
733 43
535 796
19 985
166 856
188 992
724 786
643 591
323 667
361 492
14 860
794 431
976 703
999 313
603 624
515 422
516 885
766 271
759 845
427 774
836 234
710 711
101 251
590 921
690 531
286 94
470 811
452 354
116 919
65 643
462 703
300 302
963 118
397 836
234 550
901 308
501 816
872 444
952 372
577 626
497 169
480 857
604 898
312 2
646 155
939 175
86 52
881 427
333 609
437 662
282 713
544 300
393 336
88 664
90 104
757 690
118 372
194 284
268 571
53 471
436 449
240 338
43 545
193 220
178 776
371 742
916 954
630 322
221 79
887 337
912 259
587 61
256 901
216 310
316 13
45 585
84 17
212 78
875 262
322 666
16 337
89 701
736 576
774 934
739 343
64 77
69 212
463 591
588 560
993 448
338 796
192 289
250 475
518 605
767 18
749 515
221 170
131 862
280 644
62 810
619 27
175 521
508 570
794 437
256 646
712 790
34 510
35 11
770 426
167 574
738 534
770 721
689 58
957 809
687 873
381 247
256 74
220 315
760 992
531 521
182 36
846 146
63 172
444 930
180 328
728 347
851 745
636 337
752 894
159 750
207 934
699 12
726 326
771 620
434 154
930 347
190 761
719 802
155 696
32 429
532 362
240 256
848 207
462 855
610 969
795 889
133 370
232 266
502 51
618 888
602 357
608 192
252 558
522 610
585 750
51 6
89 511
97 964
478 203
761 429
305 695
641 829
514 549
217 419
26 948
850 901
386 976
766 521
396 89
126 545
951 649
678 323
844 607
123 330
829 237
26 234
283 713
913 850
400 939
365 845
314 673
98 712
226 501
283 614
931 818
399 872
326 952
185 692
758 863
684 39
893 764
63 752
552 460
76 826
658 712
642 197
805 567
202 604
884 16
315 279
629 743
564 918
11 62
974 1
99 841
46 532
432 364
598 351
328 793
581 754
730 732
916 105
275 355
593 172
284 659
879 98
601 653
223 398
673 808
980 999
885 851
114 107
906 357
274 622
30 693
967 908
768 4
617 534
518 414
756 957
134 407
594 793
964 578
878 392
78 533
43 843
981 897
621 410
291 725
593 761
504 173
321 990
319 639
435 82
368 95
701 371
317 138
619 534
781 315
840 969
32 774
394 917
35 681
52 713
623 658
422 414
199 406
669 582
193 309
326 107
473 549
899 193
370 955
294 533
667 45
597 932
763 388
73 216
770 814
921 426
683 711
672 692
321 538
433 192
452 804
514 299
8 323
532 928
2 119
711 540
205 604
371 396
575 834
923 485
124 876
654 631
440 787
827 129
610 371
131 662
799 239
381 549
768 593
646 598
97 285
614 218
337 270
710 841
879 706
182 150
699 56
457 949
556 359
208 509
120 217
951 198
955 259
443 471
106 359
254 951
256 50
489 953
849 149
685 807
389 378
318 336
765 25
214 257
217 611
4 583
336 127
285 42
967 594
381 385
368 544
720 277
186 657
176 423
985 663
146 259
459 200
777 163
392 159
490 796
263 644
212 631
620 934
333 977
990 938
465 269
14 84
291 753
933 770
498 611
528 932
526 179
778 896
951 979
718 970
899 172
368 202
757 864
614 811
451 789
178 71
880 592
331 431
723 929
151 408
192 87
799 540
511 174
918 506
6 736
776 415
410 133
395 859
895 52
71 566
55 173
426 895
101 575
943 898
527 707
71 711
992 236
919 460
421 916
173 115
67 752
233 280
611 675
600 400
380 751
328 115
367 434
367 884
911 338
447 330
656 369
909 609
256 111
662 315
811 927
524 312
926 508
638 938
788 389
902 389
794 530
300 303
229 159
901 307
78 332
263 458
86 875
358 972
596 940
281 671
857 440
547 596
553 919
275 121
773 154
647 753
762 519
363 592
808 739
517 133
39 321
702 131
740 466
431 491
426 457
19 237
612 148
260 1
613 352
486 408
670 460
936 736
382 686
753 42
346 576
912 623
431 201
791 825
80 555
156 880
359 347
341 316
689 280
791 871
277 548
672 432
210 521
98 26
378 819
161 799
970 31
3 108
68 995
282 61
249 966
462 337
912 156
736 560
734 223
645 694
461 617
207 69
488 665
305 965
982 793
182 397
760 814
148 533
188 790
689 863
986 343
84 871
961 883
50 787
659 899
20 719
516 564
233 244
729 671
309 695
310 400
723 505
524 254
577 9
413 921
106 413
823 82
36 416
229 465
471 116
309 329
489 983
997 988
194 923
401 723
828 938
315 601
926 107
582 761
162 236
399 233
937 690
354 580
844 549
565 858
842 941
698 716
479 844
838 781
74 982
716 361
220 888
82 889
265 431
415 869
489 905
915 101
990 747
242 371
740 502
464 697
539 20
598 111
781 389
213 195
714 632
622 865
951 885
833 94
831 951
514 691
161 985
554 144
94 105
991 485
481 356
299 823
800 240
911 548
112 184
735 992
991 266
39 937
26 993
47 418
505 479
144 131
843 259
573 118
919 110
238 218
944 602
781 73
984 363
608 535
991 552
814 243
360 855
509 257
129 275
274 796
719 178
478 516
124 952
819 712
179 681
608 885
419 246
723 36
462 56
817 31
102 99
624 495
257 96
385 171
831 522
814 828
68 38
659 893
197 966
658 525
619 54
656 697
148 109
209 9
581 753
15 767
163 936
402 656
190 371
764 844
659 456
436 983
422 294
971 507
114 104
9 236
604 587
181 822
83 888
209 469
449 102
752 633
513 573
19 180
773 99
914 958
692 85
39 670
407 154
579 957
40 14
743 100
519 733
41 462
502 900
50 260
94 69
645 347
792 769
776 134
995 794
505 10
178 160
239 825
774 988
386 949
5 589
300 595
920 538
692 905
435 887
164 226
899 81
260 541
438 42
925 797
395 830
166 675
960 240
684 527
107 278
307 32
737 115
918 168
996 664
49 145
793 50
78 36
392 757
817 148
823 922
951 193
827 479
776 911
7 169
998 164
710 616
817 374
581 725
765 24
702 822
417 256
728 338
315 897
778 107
671 18
195 237
489 662
145 785
458 687
721 99
712 378
481 887
579 234
121 719
977 328
893 406
472 878
345 224
562 779
434 190
90 340
793 128
706 106
815 444
146 181
517 643
540 997
999 512
930 725
736 856
678 95
950 784
259 511
667 468
70 943
680 655
53 659
937 96
806 445
978 908
117 448
724 344
253 693
140 313
162 833
288 524
970 248
753 760
202 78
865 262
331 430
24 13
784 876
785 197
19 765
705 494
193 562
906 87
399 818
58 752
117 147
598 706
970 813
560 545
408 270
731 150
250 679
576 283
888 29
228 518
909 527
364 303
25 180
707 944
384 917
447 373
676 893
346 376
627 233
21 416
573 723
941 271
603 272
31 283
659 546
8 592
794 531
483 398
449 738
413 71
379 222
758 92
950 257
823 525
995 440
78 508
426 101
694 794
881 257
812 689
431 261
824 159
271 236
55 837
901 101
398 225
520 263
441 578
613 700
908 662
801 290
644 168
757 545
892 468
565 426
142 149
127 377
657 188
235 968
409 411
174 917
122 458
252 401
471 892
948 580
199 706
144 106
499 540
338 354
67 800
253 112
857 646
642 298
704 31
758 198
615 843
727 781
874 451
927 351
197 62
92 260
241 855
573 420
991 981
541 902
945 647
788 725
456 86
864 435
885 483
483 895
818 230
391 944
837 384
326 655
21 83
785 894
863 785
419 392
258 534
333 114
975 647
355 518
926 473
752 914
841 679
590 106
521 545
885 694
517 162
923 394
513 901
354 581
698 378
569 769
427 288
800 710
527 285
103 548
419 964
293 775
635 794
356 361
213 480
687 333
531 967
359 961
113 20
611 277
721 341
611 261
933 840
635 120
564 52
431 127
217 135
924 396
549 777
329 430
2 476
139 733
359 382
676 396
696 450
550 429
593 974
526 394
801 665
771 33
814 129
248 312
381 79
303 644
644 237
580 710
529 128
382 22
755 600
383 315
236 591
77 461
439 234
426 711
194 683
46 312
603 525
390 443
996 628
813 106
319 481
452 134
110 478
201 386
699 143
516 847
225 516
334 230
228 941
980 668
124 270
340 819
381 153
883 75
422 581
439 569
7 213
578 793
910 990
379 440
988 790
256 199
178 868
455 373
924 526
872 359
290 314
403 9
811 132
439 906
298 977
914 176
688 329
119 299
891 434
211 804
983 386
877 891
398 268
842 974
167 241
557 553
605 742
142 785
916 312
367 542
190 61
32 459
881 90
40 582
666 774
792 501
167 471
260 75
602 468
621 408
679 376
564 750
541 375
134 695
528 954
670 517
13 830
820 434
14 489
142 162
516 54
912 401
652 603
249 306
142 333
257 741
577 60
502 319
140 278
614 668
106 911
782 780
643 198
771 29
404 594
940 636
705 257
931 835
126 341
291 224
476 188
791 183
174 175
617 124
54 641
813 428
965 241
470 689
680 294
34 292
914 832
239 365
556 353
23 636
395 509
736 37
133 577
633 419
392 581
214 404
361 160
917 193
846 89
333 58
234 449
417 103
436 773
272 814
590 162
629 760
85 538
307 528
289 45
510 765
260 378
650 46
104 124
163 677
147 40
955 705
703 39
281 818
362 266
638 584
507 198
994 964
271 139
76 81
95 951
332 427
316 544
189 302
523 530
891 188
764 422
985 439
179 360
470 313
170 429
668 188
778 684
653 560
856 644
303 139
821 842
74 705
330 855
938 918
830 152
282 914
691 370
752 324
865 571
972 377
437 461
8 190
514 632
36 788
364 137
487 332
854 248
701 6
408 851
733 351
227 643
28 336
268 455
235 124
736 679
408 706
481 28
135 625
887 620
567 530
897 514
114 103
112 336
410 225
634 445
103 18
892 885
253 993
989 45
149 806
477 249
672 577
114 384
809 488
617 535
10 463
998 763
249 763
802 611
750 789
89 866
110 692
861 388
997 708
508 503
642 139
609 452
662 334
560 768
358 273
123 178
205 386
457 173
945 843
769 421
128 43
293 815
609 678
522 215
206 788
889 662
765 59
470 153
807 314
789 795
314 509
868 804
445 597
512 112
273 588
110 99
437 497
976 141
170 220
245 475
693 32
256 429
427 340
52 79
755 392
726 27
564 162
87 599
894 861
693 845
347 650
498 562
385 9
342 899
164 615
330 843
921 804
235 455
613 524
562 526
286 918
381 871
260 801
249 234
265 589
329 258
174 535
403 987
300 645
482 864
672 272
909 29
508 992
883 788
101 895
874 433
231 236
378 672
273 468
363 619
619 349
399 785
577 695
671 837
246 384
279 568
422 225
268 546
681 514
612 818
760 5
319 460
200 92
533 134
914 904
440 555
718 130
133 520
98 871
360 258
291 365
220 310
367 65
83 638
712 70
902 873
440 265
959 402
449 717
919 992
250 891
936 571
658 12
808 931
570 846
755 326
114 66
893 164
850 590
411 678
484 848
68 535
592 921
830 487
85 308
415 871
622 5
825 229
647 612
743 787
134 569
262 514
531 55
660 657
701 507
77 513
170 357
246 408
28 75
854 219
108 409
386 653
706 450
565 397
71 180
878 700
644 28
523 905
853 386
851 402
469 393
701 78
120 661
687 15
122 495
676 284
415 328
995 799
771 32
351 634
192 145
598 553
729 430
268 30
933 284
115 523
500 215
282 398
176 645
504 18
893 520
178 367
22 452
330 89
546 706
314 239
442 187
318 974
396 664
291 434
649 971
774 461
315 296
758 636
120 192
663 555
817 439
357 14
620 644
289 806
45 417
177 745
72 257
916 116
198 80
426 280
980 883
255 853
751 48
972 771
114 23
276 890
704 885
635 542
946 930
693 247
489 585
475 746
740 182
522 961
119 219
47 558
414 539
368 741
132 232
703 147
321 177
566 393
803 841
136 122
319 747
782 209
530 342
566 568
456 791
294 991
756 862
958 438
375 256
130 763
352 951
294 814
1000 535
947 48
592 768
905 484
691 55
819 106
433 283
3 211
143 940
481 503
980 31
840 682
917 554
729 492
650 224
153 853
61 356
762 211
301 437
66 730
417 728
164 115
554 551
866 885
62 790
157 790
395 129
291 112
845 649
257 160
923 407
90 730
964 962
495 865
82 70
673 745
201 46
37 868
823 103
333 215
822 421
234 782
521 670
225 551
910 776
234 447
533 47
368 837
319 510
385 343
635 665
657 264
858 360
52 423
401 665
539 991
526 715
656 581
911 279
695 508
700 816
792 133
422 320
761 972
298 946
377 987
764 193
893 291
911 132
894 580
83 245
380 398
556 821
940 404
544 661
82 940
697 121
402 39
597 424
412 76
394 707
604 728
471 979
591 962
601 838
817 897
322 353
415 972
237 370
700 526
282 915
623 578
437 961
740 750
28 290
32 805
514 633
827 738
61 166
64 246
338 493
959 733
107 168
179 807
970 230
633 800
265 331
101 858
359 22
54 576
736 535
239 716
934 996
64 404
853 668
875 60
185 640
2 86
224 234
741 923
153 162
573 156
671 864
672 578
309 559
797 778
724 798
27 550
358 52
605 109
664 577
827 31
497 656
3 561
97 318
483 837
135 52
361 97
767 809
698 800
947 941
958 417
941 508
695 141
876 663
96 353
43 298
392 610
634 993
46 595
506 896
91 38
739 333
703 397
929 685
210 424
458 162
431 944
767 668
241 326
4 550
42 369
280 262
9 328
957 220
507 391
675 218
962 337
198 647
324 582
401 423
330 519
567 88
639 856
859 328
570 909
220 774
812 578
365 144
882 826
504 897
518 530
482 428
669 888
673 381
201 620
23 319
649 244
544 14
49 928
89 487
382 572
493 637
407 77
374 384
35 610
649 990
238 691
672 273
303 893
142 437
870 332
398 547
771 455
187 284
321 747
533 73
714 7
515 970
224 263
188 785
746 775
110 742
606 811
183 110
165 559
154 784
358 464
179 767
435 873
510 239
386 447
379 688
894 113
811 623
962 753
157 401
251 634
68 92
819 828
55 374
607 933
617 632
300 383
747 558
832 254
695 262
399 325
537 156
99 527
889 689
194 777
973 49
986 670
133 844
842 936
534 994
795 686
563 791
104 181
485 504
750 76
726 181
913 488
164 678
891 103
543 918
471 923
313 553
21 856
795 893
743 867
191 520
86 310
126 867
472 70
74 262
758 356
977 643
407 224
264 370
325 919
696 341
278 375
316 190
73 694
551 193
624 983
165 911
331 411
80 665
675 590
161 489
487 20
951 645
2 252
719 409
633 984
101 658
136 618
525 240
728 964
770 175
473 751
371 549
775 616
705 468
101 739
12 20
658 546
628 724
885 163
387 712
580 599
232 765
430 878
632 564
491 908
823 2
179 512
454 620
210 191
340 974
973 387
594 89
188 650
873 406
328 797
266 479
567 319
147 304
404 321
890 802
963 50
391 709
620 445
792 170
704 886
797 423
584 268
630 89
73 777
204 485
977 803
760 589
798 787
233 563
125 613
240 465
489 867
318 244
284 60
213 386
234 943
481 586
118 257
672 157
791 668
350 180
811 322
5 263
7 419
853 67
88 963
624 789
517 508
720 812
902 686
9 685
28 223
32 794
164 271
259 21
481 389
174 864
13 30
843 339
369 712
929 811
728 49
106 909
223 982
273 409
550 536
495 157
728 928
212 241
982 981
22 118
25 274
562 27
525 101
378 584
325 463
515 147
985 667
827 133
996 820
702 32
927 422
16 202
838 888
291 448
286 325
931 48
346 496
680 496
497 580
663 729
558 680
758 601
319 263
697 381
552 714
257 498
354 950
319 148
285 260
404 502
208 287
635 664
489 266
508 34
755 227
702 574
996 218
25 616
501 807
462 727
786 525
659 489
536 28
5 167
542 86
86 946
622 224
475 713
208 972
593 319
631 259
618 922
433 890
808 413
164 766
994 701
510 453
852 579
246 342
249 498
661 907
530 384
198 469
751 523
75 26
117 683
175 79
560 184
682 689
888 902
545 911
183 577
313 835
278 319
508 990
129 587
677 107
224 397
166 480
378 650
480 214
773 759
671 722
193 567
710 124
365 569
396 323
272 305
224 90
927 410
444 317
466 138
699 17
897 972
145 871
977 286
998 244
638 95
694 221
148 177
519 482
171 322
871 975
953 326
590 13
556 6
684 50
872 274
676 606
175 375
777 993
4 542
787 312
14 691
57 91
897 557
522 55
704 958
95 481
854 352
748 675
768 155
576 368
86 861
683 8
85 286
748 562
233 523
790 843
699 738
542 364
892 241
787 135
846 742
528 885
602 394
540 520
776 99
522 587
23 693
575 139
929 603
934 212
830 730
794 239
425 996
137 481
226 136
335 286
795 682
748 5
876 82
143 999
670 908
857 651
73 148
952 753
960 140
908 164
858 971
362 250
469 838
110 884
236 727
559 269
653 248
943 975
362 13
309 514
495 811
611 626
776 669
870 237
179 766
590 732
936 963
585 195
278 758
10 368
375 694
993 903
704 478
450 410
242 856
280 69
617 956
500 544
232 350
693 511
489 305
676 739
237 979
589 318
480 540
355 664
85 623
397 867
259 862
993 722
43 55
65 531
164 961
200 538
128 343
5 255
576 228
975 855
782 473
904 300
968 543
88 682
75 375
422 24
490 770
77 477
911 108
569 125
919 570
792 412
462 856
375 393
667 959
592 185
496 238
204 823
341 99
995 4
796 467
963 546
969 929
571 981
458 166
8 233
446 607
639 546
683 560
425 960
338 547
895 773
513 66
183 649
224 454
317 835
50 126
144 135
108 200
571 544
574 595
535 453
495 760
900 710
732 841
80 809
447 869
563 900
726 592
473 750
257 809
121 439
453 165
977 638
558 248
637 513
605 871
196 345
64 123
720 851
258 677
900 907
261 643
63 523
733 200
590 824
719 988
131 607
85 944
504 353
987 284
73 716
456 196
989 422
132 775
794 692
483 749
543 19
547 980
354 65
868 664
280 161
924 666
686 489
930 39
659 607
876 943
91 97
967 58
48 118
538 544
206 850
669 330
82 676
637 78
817 698
116 635
691 863
750 510
57 147
298 111
890 517
529 326
200 645
256 407
259 600
777 27
961 342
924 862
657 573
126 930
511 748
539 310
868 163
933 595
187 497
943 339
229 663
503 344
991 837
131 291
613 753
66 788
543 794
307 98
311 570
114 552
425 915
578 251
236 91
662 539
222 2
316 67
209 917
304 699
857 801
141 40
986 711
734 121
883 801
828 230
762 110
546 915
208 294
838 459
953 915
92 681
255 47
295 836
631 640
193 554
66 728
586 3
1 415
697 874
149 783
205 17
961 557
780 423
84 820
813 572
33 461
758 956
980 366
28 819
179 649
422 811
922 291
525 326
129 29
3 612
426 585
535 372
676 500
695 171
864 237
133 590
335 552
909 713
626 619
909 4
608 481
778 132
349 721
689 295
621 932
622 391
328 649
989 684
421 735
708 212
911 273
830 629
613 81
673 132
997 430
142 833
750 410
773 161
170 118
8 357
48 614
855 869
397 653
290 575
710 223
792 421
597 414
869 665
302 762
289 908
783 105
877 126
792 468
367 684
474 863
344 475
986 790
71 88
365 315
97 549
437 511
675 858
122 604
308 685
365 460
442 731
259 483
404 905
722 911
961 205
875 387
584 884
986 552
330 52
238 661
369 538
481 416
339 830
800 316
622 219
767 262
36 870
131 74
758 79
870 533
61 606
140 132
468 265
948 531
553 165
681 504
387 357
410 142
12 78
508 701
742 639
879 926
92 316
55 168
883 603
918 110
297 624
177 26
286 388
253 879
365 929
900 956
560 549
923 629
766 439
785 628
895 273
653 50
681 555
612 793
719 999
956 507
41 981
836 833
515 179
831 590
45 197
34 182
200 178
720 569
788 950
484 202
417 151
227 187
941 668
214 294
159 611
293 957
555 294
918 756
721 267
428 384
968 917
200 511
204 479
332 228
575 184
171 174
742 603
802 260
483 40
43 1000
463 739
57 820
440 998
830 89
372 80
302 534
135 148
678 925
56 508
947 844
531 141
912 837
327 214
424 271
577 223
80 401
155 97
139 804
140 507
527 249
986 925
143 704
421 494
558 545
465 822
796 238
545 938
841 467
787 981
826 949
922 820
631 810
477 56
334 675
422 222
157 954
193 609
174 870
236 321
793 690
431 441
213 735
396 401
989 14
37 385
754 917
923 416
905 877
581 196
874 350
859 558
110 740
679 935
701 747
930 599
961 646
710 891
611 437
698 851
764 766
538 952
461 983
545 876
90 382
769 228
338 198
11 153
876 821
41 506
314 56
137 707
564 734
642 908
717 456
989 611
313 2
295 182
479 917
171 492
617 76
508 107
950 374
733 638
517 945
428 192
149 164
419 891
186 594
426 69
815 685
137 14
263 698
88 604
790 997
367 518
192 522
360 848
415 864
169 782
631 202
7 710
47 885
325 627
579 544
338 374
420 921
848 917
922 630
668 22
616 351
507 606
736 772
827 703
57 675
725 212
257 526
169 458
27 932
640 797
500 163
118 790
766 533
126 317
704 649
808 324
390 524
927 319
605 177
387 714
173 37
791 909
490 187
272 378
898 194
962 817
896 431
326 604
93 895
44 165
944 411
914 342
323 998
767 995
950 129
291 260
404 109
777 717
228 937
383 891
775 191
137 767
858 403
932 618
151 413
663 778
235 49
347 267
332 221
251 983
897 332
626 185
823 625
560 279
641 915
621 370
752 751
753 314
381 729
735 510
972 28
976 195
151 601
208 881
946 643
428 878
696 934
414 681
255 517
900 208
400 434
716 104
169 251
756 857
795 859
338 738
595 340
929 657
587 413
199 588
807 656
353 487
243 951
174 759
984 191
674 711
54 518
887 279
374 462
502 307
877 477
193 440
486 871
549 11
239 693
261 947
636 763
69 150
197 97
435 532
537 764
904 525
727 817
33 813
762 309
961 954
989 118
662 68
644 567
538 222
41 542
336 922
889 834
716 979
430 904
415 220
475 353
370 633
944 296
11 963
968 446
110 527
138 450
305 371
367 21
314 131
462 315
735 724
572 518
573 827
977 466
150 724
7 821
693 310
416 462
792 25
573 940
29 910
470 224
881 655
259 921
846 895
170 228
545 464
584 298
640 460
940 407
742 527
691 555
986 245
648 894
901 12
192 626
851 901
319 699
432 446
682 125
539 540
448 283
484 585
658 386
472 145
456 822
290 798
458 364
313 615
687 893
411 62
766 798
965 705
506 112
821 967
970 259
938 805
282 769
697 340
446 532
359 301
74 89
456 532
143 540
183 579
661 991
159 938
151 33
279 108
905 517
947 190
866 50
350 323
117 124
779 969
136 597
675 520
658 838
277 492
540 422
814 189
118 862
391 276
193 565
487 431
954 448
614 230
828 489
757 61
690 454
182 298
184 927
494 512
301 184
672 948
710 796
841 963
309 605
384 268
516 749
495 134
585 454
733 198
20 791
667 760
875 637
351 228
225 576
651 44
506 911
323 79
125 231
452 361
94 910
354 715
293 956
665 745
668 728
67 195
125 969
595 729
483 147
708 856
881 260
592 945
42 414
830 463
762 513
941 974
83 708
568 403
183 669
223 226
578 495
869 700
963 699
824 19
81 251
769 918
700 958
296 428
192 717
209 673
92 814
19 352
661 785
22 513
44 969
575 383
208 615
286 922
255 450
382 547
771 298
101 19
700 371
966 1000
313 861
210 515
208 301
947 154
986 700
115 642
478 496
761 244
67 807
894 336
576 824
858 969
533 102
864 362
704 284
844 784
6 593
188 812
980 304
603 951
784 107
130 149
832 871
409 986
106 116
783 964
106 603
883 340
349 688
194 755
33 567
909 558
842 531
868 535
116 220
813 146
693 588
932 736
189 829
135 315
85 764
989 610
629 523
78 259
171 495
501 876
950 375
328 706
111 185
648 673
279 222
906 249
502 590
142 707
323 329
94 644
129 512
276 977
453 124
350 299
998 722
527 280
910 656
189 513
750 83
398 420
264 680
270 98
240 263
424 718
842 38
722 675
707 269
5 288
216 223
398 881
971 17
666 961
763 629
869 946
171 794
891 838
423 890
622 730
770 547
662 637
365 403
687 922
688 972
164 357
993 283
204 614
406 430
540 612
947 567
198 76
272 988
258 145
169 346
883 613
404 554
387 700
980 229
196 308
88 469
343 551
35 206
535 165
168 301
867 227
585 320
745 533
455 910
253 917
220 65
737 105
131 560
48 210
746 905
107 689
182 141
222 642
116 129
383 310
228 987
779 477
641 412
751 489
823 908
571 95
646 655
812 163
6 238
285 317
487 955
651 116
214 508
556 47
918 706
576 399
462 766
363 867
493 220
332 222
688 334
363 752
803 623
542 460
424 908
591 724
152 699
137 41
191 250
952 418
517 182
425 358
839 335
677 560
768 500
551 475
973 483
187 812
703 236
321 38
139 166
179 384
369 786
852 921
818 729
467 509
556 464
271 449
773 783
8 135
866 600
303 976
257 760
894 17
490 728
696 483
476 411
173 469
600 127
808 140
883 720
595 324
784 203
540 323
45 795
503 783
785 364
607 405
809 358
369 880
666 409
336 780
698 769
904 69
755 571
129 26
926 606
763 872
452 961
275 968
85 993
505 569
732 136
950 243
258 697
432 236
371 977
564 736
121 762
768 997
404 497
150 725
998 297
72 289
845 90
683 259
116 554
247 320
263 479
285 370
91 252
698 332
705 632
190 224
281 644
302 798
359 795
677 754
406 968
354 505
797 57
927 682
622 86
740 37
75 156
688 584
797 170
999 778
949 415
569 187
900 181
174 767
598 62
526 779
985 43
490 907
248 697
209 725
839 81
640 521
776 217
39 980
782 979
883 955
169 496
667 401
778 794
196 991
1 735
330 133
611 236
525 164
619 777
813 988
896 812
457 30
33 301
79 947
468 378
516 456
934 619
993 45
97 80
495 470
927 502
868 860
657 278
185 757
934 762
168 485
870 196
874 139
875 862
556 979
804 737
879 638
846 365
921 90
650 568
176 943
488 977
909 521
694 289
850 35
889 959
489 457
487 626
492 792
704 612
872 646
515 949
488 143
255 108
698 14
150 845
721 935
544 888
962 395
46 966
508 65
436 998
167 86
224 520
103 768
217 753
949 32
570 183
152 324
195 294
587 536
143 14
920 841
137 97
655 227
103 998
307 785
933 973
717 870
9 959
686 995
449 32
748 956
646 445
199 451
227 119
643 585
536 567
938 887
793 762
815 207
781 491
910 241
383 201
921 728
505 375
203 300
539 629
154 118
265 961
451 758
816 12
714 176
456 640
19 686
701 918
955 680
836 739
468 303
473 663
214 954
435 591
663 463
48 588
680 18
783 854
133 7
797 400
584 366
774 587
724 830
652 51
193 818
234 78
163 198
291 413
737 189
546 413
177 486
715 866
314 201
43 509
6 771
413 771
340 805
72 797
257 319
480 672
120 391
694 47
458 783
220 674
294 409
439 576
858 300
384 853
266 920
632 401
797 479
467 932
162 467
123 113
406 769
6 335
544 610
321 319
472 957
184 113
664 315
179 310
125 718
437 754
129 384
13 899
658 440
660 670
700 579
702 49
174 855
956 307
669 856
412 295
655 485
288 253
382 717
374 87
645 223
117 352
668 16
635 495
804 624
508 429
364 191
662 626
554 155
147 877
222 37
204 528
47 58
534 628
511 9
573 30
313 888
425 854
62 541
362 315
792 970
98 337
338 320
174 42
788 802
650 783
837 187
390 487
366 765
775 757
743 1
308 305
54 814
438 137
704 287
978 402
546 590
413 965
606 666
884 24
478 809
854 880
107 577
328 946
864 196
239 196
300 456
911 784
239 53
59 659
269 455
436 815
203 620
498 32
356 70
157 147
617 191
929 480
407 145
273 664
555 14
688 429
618 930
692 429
584 750
948 87
142 906
824 93
890 482
467 527
472 183
442 851
938 956
812 917
373 889
598 130
708 710
914 69
570 675
865 529
866 202
648 105
633 557
722 934
31 298
52 721
435 203
866 172
329 221
916 172
993 294
957 451
61 270
417 866
603 580
828 80
619 940
562 388
619 189
620 146
162 534
423 188
681 62
692 784
391 323
323 537
729 574
832 817
852 316
288 931
585 567
515 292
93 976
296 622
31 3
776 856
580 454
376 220
619 360
108 132
868 601
336 698
484 322
396 520
794 598
239 216
847 531
903 91
945 801
394 57
875 544
513 899
419 582
187 767
721 954
578 965
745 76
485 201
56 935
682 551
996 219
446 252
29 908
232 40
656 954
414 862
113 795
935 424
522 508
137 507
708 870
503 106
922 931
308 116
77 785
778 372
34 708
845 268
294 18
596 886
495 368
102 537
556 592
460 381
958 452
876 738
854 149
765 966
115 593
471 863
226 926
122 366
970 257
218 976
37 86
221 665
611 49
95 224
758 416
725 25
269 3
520 223
919 201
541 631
999 799
395 629
785 45
397 223
164 79
707 240
141 218
35 427
850 476
653 127
177 142
668 437
31 786
956 144
775 684
188 778
672 583
141 444
325 431
400 890
609 252
365 926
645 892
58 477
296 586
689 819
653 434
111 394
675 70
713 159
806 940
788 687
76 713
777 698
153 368
500 857
102 957
596 810
738 685
45 339
358 666
766 231
901 682
812 507
63 179
530 836
237 892
99 409
493 274
924 588
450 199
364 513
479 848
850 612
355 862
103 912
592 947
762 527
18 165
471 541
635 228
172 670
431 499
18 52
960 597
672 217
448 488
514 679
363 263
511 903
238 709
260 815
951 527
273 172
844 733
773 727
188 89
464 785
619 871
253 701
70 29
971 151
554 966
404 673
973 912
559 43
912 148
974 630
41 954
211 305
11 734
486 956
435 590
755 581
277 383
870 790
215 455
735 584
847 2
760 156
141 561
936 967
757 305
410 562
784 267
864 552
680 460
918 986
888 175
569 596
26 624
492 893
932 738
704 577
962 637
428 321
926 448
195 86
219 76
484 120
752 792
234 515
971 582
988 696
88 937
977 169
31 395
318 483
601 709
46 850
328 595
256 272
760 566
582 915
623 205
56 189
833 62
995 298
523 451
962 33
946 666
862 899
506 357
949 293
30 608
878 356
976 284
597 196
49 886
85 16
782 110
592 332
667 314
773 695
908 512
251 505
383 132
22 914
500 392
541 398
763 258
526 482
252 773
646 778
793 625
222 181
907 423
813 526
500 319
249 121
87 949
93 184
370 199
996 961
282 25
675 706
69 191
344 978
49 804
258 30
421 626
499 366
549 374
628 721
115 958
748 62
427 522
762 411
140 941
89 819
767 756
614 311
483 819
873 383
690 287
932 288
651 136
59 419
72 41
515 489
2 684
38 733
43 361
896 873
713 433
627 87
291 881
357 272
603 462
427 244
621 734
882 10
920 787
761 939
78 575
928 639
561 551
56 773
216 496
470 421
492 293
638 644
982 64
14 214
495 540
19 188
661 629
459 5
804 951
587 257
971 174
995 36
616 303
890 338
804 518
911 866
18 911
458 198
832 455
562 720
151 677
982 669
30 894
44 802
61 156
927 533
429 984
583 251
476 405
848 736
758 103
886 424
6 234
654 290
433 366
435 488
628 535
991 743
81 700
600 240
361 732
643 92
221 120
774 758
131 880
44 471
374 542
947 498
70 263
642 412
239 404
631 561
696 799
625 845
617 717
335 790
174 178
547 150
343 299
399 629
880 669
965 109
703 539
428 235
157 419
719 813
820 660
632 236
315 552
172 887
699 715
548 490
173 47
43 226
670 29
391 548
272 948
313 168
96 552
411 759
565 922
792 444
55 968
671 24
274 212
765 582
862 677
857 325
565 188
714 710
696 69
803 875
77 626
687 649
246 427
308 314
995 64
445 127
800 82
559 138
535 698
561 956
433 424
714 779
610 232
296 96
978 900
482 855
230 729
636 564
529 406
920 502
143 910
594 692
723 936
135 622
597 847
157 978
965 811
879 821
692 39
794 133
278 18
396 489
304 477
550 718
76 917
75 554
845 692
310 782
384 400
723 119
525 277
230 101
859 196
414 364
804 220
349 681
372 254
374 772
270 815
974 215
647 151
888 148
985 830
968 44
110 409
113 587
864 141
280 110
85 741
674 386
710 588
968 187
573 860
8 600
194 831
358 618
34 916
785 948
492 568
113 693
760 684
924 589
836 217
907 665
102 623
394 316
604 997
143 155
327 654
516 746
63 400
693 41
593 397
459 797
337 719
798 876
394 542
324 979
129 731
919 552
856 760
998 791
604 698
649 109
869 522
86 300
939 618
757 553
351 216
942 597
230 923
707 844
286 921
143 716
330 965
226 18
870 715
237 522
339 881
486 704
948 477
17 21
516 249
256 927
723 983
904 795
89 651
970 4
867 404
283 743
654 282
474 810
199 587
205 906
960 129
245 441
304 421
451 534
948 866
399 798
440 869
187 496
962 950
706 812
358 123
179 596
571 342
476 18
973 729
847 13
542 565
407 636
630 953
676 955
404 230
154 909
784 268
110 458
858 339
779 901
281 262
129 936
529 728
314 638
417 198
290 76
219 222
66 296
202 768
363 45
483 581
229 41
855 485
569 708
146 527
823 843
646 960
828 931
775 228
52 357
732 263
237 863
418 347
536 42
755 222
918 660
655 803
603 18
276 988
886 743
674 251
930 337
952 393
844 175
290 103
740 104
62 116
411 812
817 882
346 698
645 619
422 255
473 352
942 518
653 625
769 339
19 385
294 773
191 647
530 15
18 827
886 210
65 380
193 295
486 748
233 503
397 149
164 352
424 13
26 321
634 26
690 216
891 697
87 366
166 557
153 834
795 447
1000 879
840 516
783 662
787 723
421 625
466 410
763 720
747 55
676 249
809 408
849 731
44 387
943 988
896 564
456 491
349 352
737 986
543 248
525 349
716 796
280 904
599 243
853 801
875 681
522 908
112 859
901 975
149 170
433 70
548 352
717 279
572 638
285 427
531 559
486 23
264 762
380 526
133 169
4 740
780 689
640 484
659 320
366 585
408 280
42 450
544 640
567 848
697 102
203 221
848 22
423 976
616 114
445 888
726 235
104 294
90 377
255 513
762 695
523 639
653 516
363 416
489 804
904 102
243 778
332 280
523 716
502 21
166 284
173 560
579 565
250 101
746 269
655 360
374 167
240 915
169 409
211 259
335 300
878 338
252 810
553 35
442 546
387 511
71 439
75 944
971 985
64 399
249 901
925 788
676 142
236 645
454 340
330 334
519 560
814 20
727 717
984 767
300 94
733 476
326 914
754 985
601 175
174 294
693 894
984 622
14 847
680 511
920 406
477 399
137 940
237 739
410 619
880 749
646 878
295 276
133 585
150 633
244 332
390 40
964 69
675 138
333 50
544 863
825 874
191 37
312 643
470 228
332 253
315 777
82 532
925 112
564 432
860 555
886 559
489 959
878 451
852 730
172 692
453 537
714 711
967 251
489 840
972 147
649 112
613 655
85 102
786 203
165 158
808 363
449 635
703 402
118 150
691 378
361 867
970 271
990 970
39 522
478 254
208 526
389 599
919 203
596 308
445 320
835 840
978 943
178 125
344 877
342 712
791 13
889 407
791 822
934 616
573 181
921 396
829 78
376 429
710 118
982 779
226 435
785 478
435 741
537 333
22 391
244 19
742 310
951 30
864 416
348 241
187 181
615 141
907 220
712 884
207 13
758 703
529 755
533 219
384 46
348 279
256 180
246 814
111 48
77 36
557 310
872 280
135 352
473 623
695 424
683 352
918 649
43 193
745 828
137 388
110 107
193 389
501 694
47 638
71 449
892 41
878 108
886 523
101 867
542 455
899 106
350 852
298 179
48 918
929 883
490 859
90 305
623 393
367 719
265 667
798 527
700 553
621 233
218 524
226 19
106 557
468 84
770 970
268 483
490 287
363 39
71 494
900 744
559 53
931 864
589 914
607 345
701 827
596 46
581 318
908 162
220 202
573 330
979 15
549 289
349 395
900 925
707 633
429 483
693 694
48 250
935 601
202 559
22 274
966 549
989 348
594 108
150 438
48 8
654 966
858 871
110 442
936 743
635 745
135 311
621 982
747 551
55 764
811 770
600 348
426 300
797 299
16 724
568 208
67 163
105 500
474 163
465 519
259 981
261 15
696 800
199 311
170 75
718 492
263 710
881 437
187 772
803 846
665 916
134 561
226 876
994 383
902 554
283 134
507 996
16 823
130 751
757 524
350 82
830 856
799 811
601 48
268 673
783 322
257 656
330 998
97 977
580 922
924 308
191 791
50 489
52 623
625 283
53 722
429 676
884 560
188 127
779 900
852 214
157 1000
728 92
322 757
288 589
17 129
127 122
258 109
520 872
474 783
456 270
771 185
519 975
636 249
689 992
429 37
70 281
129 6
371 298
172 329
250 629
770 18
846 313
462 6
428 114
503 489
793 92
277 115
957 977
852 932
854 887
100 897
771 629
497 546
356 619
360 358
72 442
751 346
955 353
777 577
216 805
971 663
76 497
43 248
858 271
894 705
825 958
405 610
708 781
693 255
329 932
272 985
995 507
885 947
851 895
68 71
21 931
155 657
282 809
764 411
947 749
695 807
311 786
342 536
848 166
259 465
235 810
322 277
754 304
277 799
899 855
815 275
247 813
359 695
469 339
951 851
972 334
601 12
578 916
607 98
183 635
238 643
611 103
248 639
729 240
553 34
662 652
993 315
588 661
726 519
107 85
714 247
509 473
201 920
277 467
444 5
575 998
409 203
887 560
212 248
793 96
588 627
348 968
645 756
260 662
559 338
11 792
528 398
857 630
970 831
740 621
681 19
98 594
814 900
253 822
715 961
121 412
49 143
140 802
968 419
253 167
533 853
498 270
280 997
318 637
927 205
131 85
152 78
480 619
134 34
708 67
688 159
377 882
401 606
90 137
200 457
167 63
911 140
807 111
829 531
323 402
342 146
19 109
557 661
688 588
66 80
393 288
30 559
344 306
180 216
442 899
316 936
463 555
723 735
88 934
804 548
161 558
791 814
4 172
903 816
705 41
355 368
727 54
244 838
40 216
523 969
412 520
917 997
387 474
596 164
626 122
505 413
268 79
434 931
681 482
741 818
203 890
120 881
101 40
103 5
913 791
754 875
74 41
795 279
279 446
597 687
634 164
224 81
331 791
334 410
90 646
14 808
992 86
37 796
642 416
798 500
908 364
550 825
483 730
708 385
341 728
488 868
965 510
919 730
223 644
963 213
157 310
603 362
950 509
788 392
419 615
93 580
774 175
352 634
998 457
67 57
547 867
972 748
954 867
668 725
261 153
872 424
765 419
696 662
329 915
56 821
973 150
797 104
845 307
752 733
199 338
687 214
878 511
88 757
124 243
436 183
94 463
317 372
483 116
322 298
933 858
312 876
60 474
80 504
892 242
971 104
22 538
28 239
730 497
756 146
136 280
65 406
861 403
326 31
791 931
459 698
207 296
501 11
1000 998
808 185
114 844
531 667
227 567
176 515
286 712
550 665
512 860
784 977
88 510
699 302
810 653
63 655
176 865
693 714
44 296
390 324
562 173
362 903
514 8
254 137
914 878
534 463
42 793
867 850
872 968
667 358
603 680
840 166
234 221
481 719
54 96
864 60
8 41
404 87
759 805
775 960
851 294
29 702
345 761
881 927
823 980
20 935
314 324
996 440
651 79
985 905
15 748
676 746
91 26
522 240
65 635
181 5
774 26
333 330
445 624
488 397
273 551
801 407
281 832
527 359
910 661
329 792
129 692
48 548
748 525
109 794
865 815
60 527
195 839
543 926
911 922
768 412
94 314
97 758
544 435
708 750
97 615
904 987
942 631
651 91
250 79
661 929
300 723
670 817
452 534
89 372
645 509
196 531
145 331
53 834
644 827
277 446
169 349
211 182
766 644
344 981
236 675
977 931
79 119
852 437
269 699
932 77
537 667
40 349
331 846
409 8
180 845
473 986
879 589
447 721
750 986
107 692
538 998
741 701
11 42
231 719
970 589
3 670
300 452
910 821
966 913
682 700
684 98
959 296
339 611
967 717
918 711
171 462
66 312
375 806
358 560
768 60
509 700
972 820
555 356
958 867
651 841
436 825
798 904
432 513
419 797
567 532
232 997
207 831
299 320
169 322
817 771
251 203
554 438
744 984
47 791
798 565
468 824
587 258
165 248
866 343
518 692
478 113
61 951
907 879
88 971
360 592
80 607
503 631
142 347
137 895
538 842
187 638
558 611
61 153
156 691
626 188
895 806
680 813
683 674
723 913
351 560
762 105
1000 830
514 396
594 606
794 172
443 950
191 1000
839 940
93 10
495 906
353 933
174 181
434 670
254 487
400 786
159 887
921 208
704 192
687 505
690 431
31 101
469 1000
935 892
793 910
447 757
876 597
56 734
510 303
77 376
573 595
958 707
278 689
128 928
104 682
603 656
448 788
42 608
905 7
393 794
674 381
417 140
338 128
589 366
58 150
846 167
738 884
137 285
375 917
345 418
309 7
699 899
920 84
24 137
833 693
458 488
507 498
768 24
18 411
384 785
422 377
152 365
134 333
502 651
393 286
527 302
698 312
169 942
318 9
564 289
160 167
462 874
274 211
39 337
777 56
367 609
877 119
767 71
442 896
498 516
543 854
700 519
369 817
155 410
193 195
13 856
877 153
914 165
458 249
153 621
226 13
462 10
430 387
933 104
294 722
903 832
779 894
710 330
914 327
18 656
383 54
758 70
944 910
687 206
781 53
549 41
554 625
720 774
886 314
286 636
69 116
244 238
653 204
527 727
880 990
257 155
495 799
477 352
81 959
430 942
968 369
539 625
861 410
664 586
614 242
686 223
214 748
110 557
774 386
436 555
695 132
717 332
185 843
257 470
150 539
542 777
980 734
733 994
57 385
422 699
828 922
850 830
670 617
285 401
125 850
362 612
458 871
494 25
7 932
600 984
327 651
474 205
55 952
955 630
886 670
647 340
993 972
25 924
393 97
69 976
765 275
323 480
821 97
790 976
920 846
117 964
65 809
247 65
857 309
899 568
518 557
759 426
104 352
344 271
380 469
827 673
403 662
522 544
388 450
890 294
502 32
200 930
757 566
169 53
3 717
908 536
175 107
929 595
416 265
53 587
75 143
611 81
888 938
689 655
688 806
717 744
40 181
293 173
810 473
448 18
848 784
88 161
718 861
130 474
519 852
701 913
539 58
995 684
466 290
145 767
974 634
546 837
283 617
264 346
772 995
150 251
776 566
68 272
34 384
537 303
866 677
137 921
889 892
905 999
245 639
440 582
202 557
572 368
850 113
547 83
234 218
970 598
497 516
25 157
832 539
101 138
817 201
51 925
345 760
732 508
751 320
509 949
493 464
555 605
538 677
498 422
924 654
851 406
500 552
157 281
373 3
694 32
825 823
807 323
150 662
209 170
372 610
449 731
809 463
929 209
177 596
967 633
841 573
665 719
168 913
560 403
543 746
750 490
164 969
200 514
897 492
702 329
995 449
587 571
660 837
934 300
906 453
411 801
928 373
88 722
565 64
235 613
381 703
221 906
593 383
77 678
61 801
415 330
601 366
56 415
365 363
294 937
898 875
262 809
108 403
787 792
362 68
543 712
869 956
5 147
160 316
434 183
990 896
978 952
688 962
325 815
671 728
919 13
776 357
249 125
165 775
339 108
212 230
239 527
222 971
675 343
935 793
330 440
594 925
775 752
10 570
887 844
862 666
59 933
871 216
604 501
399 541
542 935
926 262
638 12
860 30
474 321
989 446
444 885
929 403
710 632
968 103
742 376
445 689
427 970
954 632
416 441
841 118
703 854
318 304
189 406
432 947
677 887
471 954
929 939
29 84
945 619
233 681
17 628
593 291
977 794
302 887
472 926
695 688
833 379
227 212
65 785
820 103
277 940
21 786
795 931
621 397
783 130
136 803
878 260
806 225
79 609
27 202
85 48
801 487
952 885
125 646
174 766
781 302
451 919
934 788
458 85
204 463
500 488
89 343
454 425
865 502
118 986
799 127
567 515
92 673
933 341
862 453
130 611
763 512
514 316
550 678
459 81
830 694
444 469
283 593
359 202
141 403
644 574
149 888
23 915
301 650
824 902
718 294
242 551
115 783
21 47
43 427
760 71
706 395
880 736
259 174
132 739
10 131
98 229
196 234
916 163
912 534
149 316
959 335
707 254
979 517
980 810
86 745
158 170
197 704
220 615
538 524
498 65
171 45
523 208
411 602
87 241
199 475
163 705
369 500
152 366
225 904
264 872
360 241
582 844
345 323
755 264
259 559
574 146
996 38
503 22
927 656
809 605
539 612
119 38
936 523
105 748
125 753
146 22
274 482
711 243
568 3
770 707
826 839
666 912
80 429
905 300
126 672
856 429
70 923
734 434
257 734
277 531
247 593
435 347
973 999
945 474
636 679
434 929
163 357
435 456
41 833
98 274
864 893
286 637
896 721
969 445
898 99
63 661
653 203
359 238
966 274
490 107
360 487
742 309
463 316
211 335
712 744
340 553
215 431
895 281
223 992
205 341
145 411
333 497
646 702
538 991
152 142
729 936
572 478
800 522
646 841
362 614
617 975
321 225
585 297
219 103
256 235
935 357
181 47
593 231
276 853
495 323
479 974
547 754
630 865
702 338
246 638
542 443
618 709
877 824
218 215
806 508
759 308
778 277
545 102
806 335
772 589
578 486
104 353
655 30
472 197
215 535
653 585
897 386
56 371
644 156
705 284
518 637
244 664
886 859
703 435
734 287
94 126
683 975
580 929
687 911
965 745
288 437
201 884
274 760
203 858
892 356
724 384
467 153
287 386
145 365
39 777
44 629
652 372
692 321
490 429
642 318
993 466
296 894
282 433
71 521
714 111
774 690
339 177
984 698
414 317
804 109
41 581
827 196
901 821
3 390
827 836
712 420
209 416
784 241
185 900
975 373
392 810
896 330
551 650
954 176
441 355
99 859
427 848
889 605
543 38
585 372
162 31
746 796
722 199
996 442
228 780
603 328
108 810
776 555
711 742
986 483
695 393
219 496
993 745
243 502
584 282
267 550
697 221
510 800
886 763
707 468
526 568
454 631
804 153
27 451
579 174
678 806
469 254
536 891
129 391
994 651
118 307
88 834
714 538
87 524
289 445
199 86
881 59
299 516
207 973
835 598
303 84
71 865
381 896
661 830
973 764
669 707
856 502
840 987
514 644
507 598
58 888
866 147
539 251
481 375
923 88
726 655
658 231
843 161
511 55
629 368
576 868
499 599
101 823
84 59
250 303
725 318
714 222
142 415
201 993
757 220
588 45
156 591
909 135
895 98
823 449
365 831
149 754
192 283
546 870
619 100
106 177
641 602
435 689
814 111
598 774
124 973
490 163
384 348
225 310
671 947
486 191
508 451
988 85
989 268
25 207
47 232
836 129
173 86
177 260
80 433
510 384
370 303
699 108
903 109
64 914
873 412
355 381
896 197
533 16
185 130
811 978
777 582
836 230
565 751
470 877
699 889
404 331
885 670
928 581
747 661
752 825
219 476
403 21
370 311
871 748
855 235
52 244
660 574
536 185
603 712
431 211
229 956
566 277
143 76
955 272
467 676
293 288
41 287
955 927
522 726
226 313
252 721
491 363
734 693
916 546
222 489
958 445
338 730
583 976
147 724
136 323
504 637
47 119
325 866
454 31
862 168
764 957
633 672
320 31
377 98
343 781
269 106
734 102
748 236
580 776
691 177
965 818
120 811
376 405
729 407
496 606
279 407
672 561
253 834
129 330
84 255
119 953
444 581
652 98
176 811
676 104
953 741
628 919
888 14
599 608
387 972
634 609
861 961
609 293
167 837
210 296
525 607
103 567
675 142
913 978
780 332
348 446
385 428
519 1
492 721
596 146
39 156
419 739
29 902
125 829
56 796
424 960
575 143
462 588
747 782
388 202
906 267
856 626
160 185
425 331
227 243
911 943
271 268
554 424
77 621
351 82
338 815
754 738
18 93
995 71
122 217
819 181
13 854
948 343
315 629
255 263
535 689
777 361
247 931
909 412
13 167
933 22
499 926
106 580
434 975
326 65
418 466
899 43
773 526
781 51
921 400
339 39
658 977
951 372
295 752
645 725
52 650
839 547
648 937
562 308
546 513
286 284
698 836
736 255
42 800
222 690
923 765
552 257
861 265
872 638
67 284
529 759
586 992
990 569
314 175
872 653
279 895
447 457
106 333
419 616
997 860
421 968
447 94
983 120
859 167
364 639
570 190
953 46
185 404
925 434
378 431
711 547
569 510
878 112
422 490
151 552
133 109
925 449
104 211
639 845
604 512
19 138
350 838
824 91
422 69
388 61
591 780
104 354
198 412
532 468
875 856
886 809
563 502
698 208
956 616
734 653
79 600
709 945
782 7
237 469
644 44
919 378
408 780
676 234
782 950
325 841
438 632
826 954
994 40
991 774
856 57
819 431
364 368
443 276
974 713
870 558
463 76
88 338
749 611
326 828
978 647
118 690
654 398
322 911
790 94
102 230
999 108
642 65
419 200
883 431
261 661
901 7
944 488
247 545
304 23
512 748
713 189
641 392
570 286
112 820
358 297
163 813
590 964
943 903
479 527
686 475
506 939
603 331
937 787
780 828
64 853
640 110
931 417
695 392
683 320
149 484
560 405
134 376
617 196
162 764
102 524
986 403
897 482
989 796
200 142
341 829
713 842
20 486
95 866
861 193
797 250
986 181
74 555
493 931
773 113
246 357
800 945
250 89
753 119
274 424
477 687
702 56
924 18
925 711
764 337
472 81
200 960
448 458
47 82
985 149
364 182
747 576
117 282
64 154
192 975
909 753
947 81
566 997
9 537
843 160
314 606
273 432
634 39
105 218
2 243
773 582
643 102
442 365
760 480
353 926
79 869
183 982
408 292
542 651
384 953
997 159
50 809
179 695
898 219
742 498
324 47
163 605
953 569
970 761
480 530
741 698
813 93
559 521
512 712
931 238
914 992
524 359
879 413
261 328
906 931
409 585
991 688
665 312
85 521
447 150
655 925
788 50
664 64
336 17
119 318
781 791
817 550
839 801
863 687
20 267
691 982
731 297
789 569
148 756
795 564
748 427
816 617
982 90
820 97
243 864
282 528
928 2
235 720
771 100
562 635
927 277
467 389
764 373
378 40
765 940
60 268
246 99
84 378
302 305
861 191
121 960
933 113
607 335
220 963
692 1000
680 784
736 509
182 549
735 859
5 960
67 999
430 183
508 659
878 817
990 303
818 210
860 566
178 263
177 218
549 276
914 659
776 752
686 87
108 604
253 818
805 587
862 628
633 332
787 459
923 528
432 21
474 688
715 850
989 367
183 216
186 108
24 383
850 55
7 14
782 868
301 877
96 337
358 753
971 806
589 363
310 307
186 334
261 272
627 751
472 687
767 748
474 69
275 396
774 86
997 151
156 409
29 901
215 958
950 311
526 500
4 709
756 706
225 910
237 179
275 106
351 447
844 236
459 86
43 791
89 245
507 834
346 716
631 133
178 901
929 731
18 90
626 263
241 787
973 562
723 739
959 995
503 423
160 503
904 180
993 236
26 480
643 562
531 345
753 793
140 776
726 792
502 276
221 436
97 142
969 301
527 562
623 933
516 289
386 26
176 746
893 595
571 467
420 493
774 724
211 318
296 534
325 320
322 987
253 869
932 384
241 933
206 165
980 404
747 131
362 943
219 810
96 31
629 875
261 705
244 399
997 759
671 906
803 2
382 309
184 284
690 688
608 41
183 429
523 16
138 126
105 225
620 704
54 186
115 440
311 556
214 316
566 1
663 837
157 385
122 727
928 398
17 929
270 365
80 79
750 444
492 468
83 849
156 131
873 919
251 7
604 513
551 10
238 771
617 410
681 819
749 408
181 737
963 563
948 133
122 250
469 459
273 20
147 527
575 759
745 996
763 383
340 36
326 19
140 387
351 996
575 54
924 348
619 860
819 430
88 164
464 864
757 198
738 890
670 816
66 743
359 46
254 320
18 514
202 487
700 106
370 837
900 612
207 74
746 760
583 479
236 714
728 146
462 188
463 365
529 807
552 448
384 370
685 156
889 315
262 375
465 377
90 614
515 357
734 904
404 236
810 939
25 241
439 595
300 77
873 277
467 141
396 632
626 711
510 362
538 817
462 457
33 703
114 167
676 647
418 115
256 90
664 839
516 1000
223 740
595 817
774 89
746 207
857 217
90 811
287 631
492 651
555 495
519 72
135 323
138 229
157 135
665 716
885 809
447 194
379 136
677 801
21 537
696 805
364 755
381 715
579 986
593 483
646 375
482 354
673 459
32 445
108 744
824 73
808 718
166 8
523 585
473 142
346 644
442 411
811 338
563 469
195 953
790 588
493 708
888 858
654 47
472 543
160 319
605 707
681 243
317 231
280 535
451 845
433 490
886 57
31 847
991 379
244 924
752 700
531 510
400 12
580 677
961 941
946 59
32 583
253 971
89 538
254 380
183 928
443 31
45 959
448 951
656 236
840 409
288 800
733 498
780 5
139 151
654 538
270 975
876 478
974 887
375 766
249 702
488 898
1000 442
504 63
876 764
436 529
589 501
310 254
497 549
233 995
879 412
183 405
884 262
951 415
569 746
111 119
683 286
629 758
285 86
661 299
612 111
744 175
891 320
854 308
380 203
399 67
652 902
274 235
989 912
187 105
264 941
526 901
435 733
995 220
482 505
203 191
874 919
319 542
473 234
962 71
403 723
244 675
599 439
714 911
986 936
83 724
307 412
979 398
942 262
219 824
736 142
516 191
610 78
496 370
39 834
762 117
376 296
212 150
68 437
141 319
405 378
887 956
690 472
547 417
253 832
677 422
187 62
852 324
525 490
84 686
841 45
346 630
510 192
205 686
617 694
362 987
751 423
733 248
456 156
404 164
78 55
405 205
334 93
47 247
354 983
360 312
286 192
287 809
538 873
902 510
592 530
298 645
372 566
779 222
267 898
732 342
113 642
133 853
431 51
217 668
698 341
622 802
919 831
631 497
468 523
970 617
534 934
26 813
797 48
857 477
288 95
565 625
803 784
878 436
891 59
730 375
970 422
218 387
131 264
189 2
562 540
31 739
838 753
394 982
549 866
951 946
794 708
493 652
792 765
749 347
166 397
153 994
559 174
526 477
639 380
571 756
724 478
836 752
984 387
527 573
511 350
520 805
154 111
622 385
759 922
491 802
61 163
503 535
598 733
658 606
509 218
865 98
595 73
64 655
201 797
819 138
822 368
975 564
993 774
426 641
922 266
884 518
589 556
702 789
884 88
216 964
430 652
659 706
250 265
24 459
928 673
357 73
683 382
381 339
908 790
300 287
638 805
935 503
314 399
622 281
215 861
125 796
533 296
302 952
21 516
886 658
116 646
464 431
284 346
627 306
117 39
522 906
137 104
526 978
623 294
990 767
720 15
761 725
639 732
539 498
265 610
688 764
670 572
341 490
108 427
532 439
972 316
539 355
812 853
160 276
143 793
558 556
390 866
464 890
415 693
736 738
2 378
98 467
18 457
210 761
302 217
676 494
1 562
662 841
610 118
313 980
631 684
265 857
767 103
567 580
383 423
297 456
260 708
453 181
81 367
639 119
130 30
625 701
129 432
793 985
192 464
11 948
875 821
510 280
115 200
372 217
304 9
430 569
271 639
357 911
923 840
712 997
456 395
180 571
458 933
579 343
335 757
890 597
90 808
845 136
593 183
281 553
300 259
543 321
530 672
983 30
405 584
246 558
30 319
198 845
649 327
642 94
800 725
928 282
13 728
216 540
512 932
554 332
616 29
70 538
237 11
274 23
83 989
806 144
838 971
535 533
187 907
43 751
304 941
820 429
17 456
861 711
118 208
691 440
730 478
218 746
20 672
188 390
740 683
917 414
469 199
748 206
253 744
952 955
383 101
149 4
46 143
29 489
117 522
991 651
294 617
1 399
753 514
700 15
224 304
649 735
230 506
802 731
832 685
936 915
385 179
20 755
611 666
922 211
301 246
474 655
361 411
90 635
572 791
347 831
30 904
653 498
103 447
395 462
823 902
99 888
155 66
211 614
395 351
755 101
681 778
997 992
284 589
158 178
198 911
592 710
590 81
333 408
223 305
674 52
507 493
53 41
742 911
138 873
233 685
105 619
933 571
761 796
86 141
87 444
971 201
243 866
619 731
517 94
278 450
886 791
429 558
383 841
535 686
810 379
282 816
467 372
383 130
791 881
541 618
231 324
772 181
490 670
202 90
828 250
956 935
867 324
250 334
127 4
735 837
889 109
693 933
692 520
467 897
560 678
631 517
597 661
547 416
361 341
92 451
220 136
572 981
240 598
370 541
742 269
83 128
763 866
68 340
148 332
97 300
742 412
724 895
915 674
130 430
447 321
512 726
452 233
462 262
724 605
893 98
250 996
309 401
203 562
8 932
29 786
68 808
972 710
793 461
208 155
203 912
422 370
161 103
541 764
252 419
228 588
846 781
497 12
850 520
66 59
547 568
695 656
221 861
276 514
887 136
673 498
947 719
70 610
531 12
436 328
973 607
186 883
298 361
226 583
449 195
706 925
51 179
772 113
960 91
458 490
638 723
27 170
838 758
896 334
843 12
58 844
919 339
122 87
984 102
178 229
781 99
231 44
350 447
26 273
500 456
246 252
925 943
268 502
198 115
201 813
199 718
41 820
409 312
545 740
182 519
187 383
681 279
232 772
340 343
491 805
129 314
917 705
495 949
496 603
799 301
626 193
934 752
885 366
723 127
742 297
64 640
789 360
116 92
393 607
528 142
430 546
271 538
1 2
684 257
206 69
614 70
483 704
51 900
629 907
557 158
963 219
525 576
675 175
385 397
519 102
209 65
837 591
161 166
950 358
273 360
66 381
450 220
272 904
846 934
904 489
765 589
105 402
142 809
337 512
682 802
541 125
318 46
364 792
75 471
882 989
169 798
118 299
303 207
901 230
5 305
778 627
174 600
674 544
791 731
114 533
196 384
545 821
341 346
37 113
289 408
922 649
830 822
799 717
912 495
715 498
679 175
227 684
356 776
295 310
473 620
679 740
519 851
776 477
67 784
767 447
605 304
36 29
59 340
151 316
779 639
382 234
991 948
888 363
463 367
103 180
841 27
533 949
81 926
889 775
373 414
645 145
456 70
409 822
718 354
314 108
79 300
119 787
874 100
760 69
242 762
519 420
958 668
614 98
592 366
147 437
572 594
152 29
211 570
752 898
238 481
432 224
685 862
651 978
47 709
197 644
593 199
556 973
561 929
558 728
530 560
542 844
218 4
25 732
65 927
604 624
492 314
848 34
759 276
353 500
123 126
843 793
268 350
481 568
902 914
798 707
982 428
159 911
327 25
679 324
569 39
930 698
790 578
432 568
758 374
706 469
392 531
183 391
568 430
756 507
168 868
931 633
918 337
296 32
210 730
66 598
250 299
952 555
184 661
979 210
581 394
193 601
726 621
175 473
897 603
532 926
535 73
122 249
785 270
930 198
718 604
632 275
567 841
698 904
680 371
954 382
536 399
519 746
22 326
996 376
582 270
352 646
738 520
210 177
284 936
391 900
28 962
290 249
310 252
628 111
955 265
295 360
423 311
525 567
585 276
162 63
181 321
826 22
976 919
663 937
298 687
439 690
402 641
959 423
228 179
546 8
738 45
346 34
937 669
220 527
977 140
760 748
613 21
551 238
399 77
419 771
114 409
372 865
930 397
114 22
716 446
119 89
602 53
786 844
754 216
668 168
62 235
636 212
506 267
855 954
773 995
333 940
528 938
213 246
121 934
381 928
478 10
837 952
688 788
174 771
785 383
549 989
179 920
347 993
770 909
41 223
60 109
297 357
443 991
875 176
452 647
329 84
103 30
325 32
680 49
311 205
921 297
558 182
745 621
961 568
827 147
165 536
563 653
379 808
419 133
77 481
297 801
693 25
447 755
304 67
108 591
642 183
138 502
176 13
819 981
767 907
738 671
812 122
907 406
924 870
285 278
50 701
513 51
167 982
668 966
759 920
345 420
452 392
806 747
591 415
741 14
815 554
584 455
185 124
721 82
705 629
759 702
228 38
817 583
838 811
627 344
997 374
472 895
841 49
860 722
792 400
960 980
557 654
282 704
155 370
691 676
730 194
401 250
815 335
619 710
543 860
895 541
293 81
981 996
36 98
35 742
53 625
989 244
518 549
886 227
655 340
930 853
79 870
504 780
411 296
343 813
352 320
481 44
173 302
505 422
70 190
552 201
610 451
684 958
480 228
425 549
46 55
799 415
729 503
474 974
131 855
353 987
797 874
310 491
131 740
614 357
7 329
390 339
965 197
149 8
634 542
447 279
320 357
880 690
974 220
902 329
150 418
922 568
660 363
364 964
366 780
633 459
774 279
498 444
116 883
301 991
489 327
203 593
37 933
612 755
552 730
417 19
271 936
699 933
295 22
392 335
674 125
12 884
592 798
756 545
356 151
837 864
305 557
521 359
445 839
828 336
194 73
269 409
52 95
513 731
520 115
848 214
423 912
389 768
617 415
957 2
485 727
968 719
829 274
302 402
583 775
655 394
80 398
317 111
925 656
875 461
394 968
624 843
257 652
114 613
407 66
523 925
1000 606
176 671
605 621
724 642
207 469
83 383
502 375
344 849
87 939
1 560
516 369
165 877
993 356
60 21
888 654
935 373
84 915
925 803
710 59
878 893
728 870
840 608
162 596
909 469
861 214
37 436
349 482
870 780
965 40
126 236
827 219
701 766
10 403
338 4
513 296
144 341
788 742
955 127
993 800
813 117
63 618
460 778
50 611
159 135
56 668
642 895
689 440
990 855
547 38
968 113
452 290
25 784
428 315
216 849
603 335
609 722
918 562
794 580
800 521
910 578
125 880
586 738
57 16
864 896
318 489
195 382
169 706
21 550
794 870
194 58
285 145
108 596
130 850
440 230
919 726
517 923
830 407
392 73
587 913
765 674
397 712
826 550
331 76
794 166
838 541
948 245
151 487
817 924
890 324
252 569
1 961
40 889
832 501
725 118
123 716
644 12
666 580
758 486
504 981
446 984
654 221
982 766
876 21
344 935
938 624
995 865
338 420
836 699
351 383
456 289
343 981
805 224
40 38
960 119
525 225
598 569
809 355
620 161
487 410
658 898
988 413
620 821
993 497
449 483
430 782
892 973
326 943
404 941
315 90
870 808
515 309
171 635
813 456
462 14
447 734
84 516
606 905
167 719
816 195
817 158
391 903
693 515
451 168
306 669
642 835
37 795
668 967
22 462
281 489
195 175
521 739
774 223
315 518
68 581
674 451
343 236
39 247
746 433
471 264
756 746
887 165
264 882
647 974
603 73
949 109
219 320
534 921
42 459
207 919
298 81
985 313
130 822
19 158
37 515
178 522
711 372
307 850
660 726
455 58
919 563
247 180
268 543
911 967
576 520
796 5
380 620
32 186
895 969
74 301
492 76
204 984
633 570
905 395
544 69
416 712
553 409
222 12
406 471
501 91
982 538
567 744
861 971
59 433
302 23
491 170
348 849
442 410
723 775
887 49
124 776
123 935
16 27
144 944
754 895
349 441
5 861
615 898
598 692
639 8
751 763
847 95
98 618
923 615
871 101
55 990
897 832
457 985
28 944
585 469
470 561
382 305
805 728
58 447
854 939
659 683
237 619
953 458
632 306
665 510
461 99
888 241
409 696
194 958
107 951
38 759
815 933
707 228
210 436
410 786
195 24
380 4
94 814
275 400
574 532
276 191
258 862
890 841
856 857
394 270
53 11
471 300
238 9
720 248
995 398
208 44
834 784
375 176
340 547
195 310
68 712
273 736
592 962
39 505
80 246
831 109
155 708
255 264
177 880
610 698
94 475
39 334
96 768
479 7
890 410
912 840
369 857
868 373
265 358
378 217
506 18
967 131
364 980
593 714
481 720
672 39
503 419
95 213
388 267
833 811
468 57
48 508
5 526
245 137
597 996
246 242
476 371
342 616
939 785
563 93
568 581
358 22
650 891
922 964
580 760
600 214
153 347
415 385
219 512
384 507
572 4
538 148
249 173
244 245
990 414
168 465
392 933
83 158
690 330
12 162
548 124
549 389
219 814
291 493
205 335
6 896
539 147
358 439
73 293
435 906
439 850
527 919
707 930
111 133
879 352
113 577
797 862
684 402
775 101
890 907
114 769
217 547
604 217
362 732
148 55
972 740
648 690
924 583
618 700
471 304
128 346
440 92
42 496
613 103
116 641
755 171
268 882
622 143
15 39
718 425
155 672
372 858
674 860
655 969
310 656
223 209
530 383
15 197
551 407
29 425
734 374
116 604
243 973
374 97
235 813
164 487
34 830
863 167
528 514
670 733
550 439
718 821
240 980
633 867
501 19
249 106
107 473
630 112
889 442
887 579
49 259
800 453
219 767
398 674
607 320
430 630
41 935
225 66
371 558
7 287
500 115
245 684
628 23
876 502
898 297
813 483
192 467
676 941
288 998
495 169
564 910
546 401
822 450
788 342
793 248
775 56
656 866
871 915
440 232
695 225
280 84
409 624
531 541
298 10
826 227
774 131
192 537
856 866
64 334
881 753
642 561
96 895
356 37
177 990
971 266
368 667
475 657
39 48
596 979
579 7
798 807
910 669
432 748
227 849
317 319
113 58
845 626
259 762
607 599
856 734
817 872
431 408
308 341
221 564
739 171
264 147
800 37
963 531
904 230
363 335
571 994
678 58
791 761
27 148
874 849
998 80
538 87
204 516
466 193
724 307
890 39
653 841
896 962
930 922
992 635
735 989
44 704
317 852
357 647
619 828
247 535
16 880
535 474
886 458
118 864
947 370
309 853
697 863
221 105
629 412
334 312
17 278
295 695
810 873
762 430
653 269
876 474
73 387
611 671
671 953
993 835
407 645
709 135
430 600
327 772
842 568
25 834
758 764
392 603
279 845
883 250
15 603
841 736
453 746
955 376
595 977
617 905
157 246
431 845
533 395
661 198
738 987
480 567
984 914
670 44
266 350
413 29
113 875
835 252
878 66
290 699
238 221
868 124
708 901
731 300
548 814
143 74
396 989
755 418
665 974
869 662
527 496
630 589
122 860
639 657
179 399
36 524
955 310
402 210
848 814
722 779
70 807
860 925
293 12
80 599
654 15
913 109
890 251
457 307
682 316
187 630
528 586
433 266
614 354
588 646
2 289
221 427
629 350
919 46
566 108
504 865
787 648
97 214
171 811
728 944
965 973
912 215
676 176
89 634
364 452
295 714
667 863
192 381
249 892
639 11
932 105
28 236
116 468
559 714
894 223
913 588
435 768
20 658
58 461
224 61
7 500
950 204
552 299
43 416
125 100
291 302
391 979
379 505
824 602
197 568
18 372
112 960
479 578
280 140
299 216
929 289
217 631
896 86
453 863
592 677
534 600
919 970
66 276
836 272
878 239
369 649
711 565
930 316
455 251
772 719
975 796
643 698
700 825
475 630
4 992
744 941
657 522
506 636
97 709
346 322
706 121
138 765
892 364
895 543
734 667
716 130
147 649
596 600
355 234
619 585
861 172
622 812
435 130
199 933
645 283
994 431
596 463
394 933
912 17
317 811
633 823
887 638
287 292
733 276
476 227
116 266
278 41
795 369
979 140
304 436
858 978
935 841
662 899
654 395
645 735
558 208
303 603
67 599
893 735
235 285
474 639
760 140
562 190
675 485
162 272
750 922
825 577
309 720
275 608
79 506
618 8
822 406
699 217
669 481
172 191
618 411
200 304
52 328
243 370
281 593
724 739
362 620
94 779
593 216
647 319
82 607
217 764
494 144
741 177
412 131
184 98
57 212
578 334
209 497
179 297
227 863
845 292
658 674
332 505
777 92
483 127
122 805
468 777
659 96
271 366
705 994
725 495
520 373
201 515
915 315
863 17
209 812
451 967
303 46
886 205
45 547
9 533
322 628
344 164
198 195
89 837
443 808
653 949
514 477
291 844
41 789
116 979
524 678
118 773
447 881
709 366
32 560
145 759
365 852
631 601
432 357
395 875
325 486
589 793
36 111
720 968
645 819
341 470
728 791
859 575
665 119
399 656
883 437
427 683
634 705
827 458
205 370
279 842
851 320
543 158
917 3
126 889
793 255
704 558
946 482
319 335
638 107
988 878
203 750
612 514
703 725
885 530
301 961
820 599
162 137
670 49
860 455
693 620
973 32
541 264
584 257
234 646
74 883
399 106
367 934
550 5
359 854
898 966
759 273
743 940
673 462
14 198
894 796
492 324
708 29
848 180
425 133
99 506
725 274
874 956
873 519
933 869
790 726
627 560
204 807
97 911
316 873
714 916
352 957
919 295
995 901
660 301
601 62
116 840
681 246
420 878
415 77
799 674
126 566
478 335
908 794
641 945
549 24
291 872
809 235
244 776
176 728
283 732
822 611
273 422
975 131
726 656
712 585
297 306
560 110
240 558
709 100
675 300
659 947
969 207
698 919
166 917
426 690
381 68
509 15
1 222
935 631
96 220
686 287
266 234
348 290
441 128
150 616
515 844
250 972
327 916
94 789
542 216
568 760
726 405
756 325
759 550
794 934
24 155
800 535
764 856
