1000 9896
289 22
843 587
589 163
368 553
8 746
379 171
384 811
94 594
935 8
481 895
8 377
464 363
602 129
21 937
425 336
100 427
941 776
843 774
865 834
823 410
541 211
869 742
726 81
880 257
75 97
661 746
574 5
464 536
892 440
71 245
476 587
645 294
922 605
282 828
209 884
182 797
18 786
297 217
979 405
107 190
644 881
294 574
279 206
525 178
503 876
839 790
733 271
218 909
629 462
650 837
499 681
26 219
912 200
14 568
182 430
674 882
828 468
131 892
481 231
410 301
388 221
862 751
206 339
44 346
656 92
362 949
733 66
993 253
337 369
177 456
932 328
43 419
689 117
936 538
483 569
764 926
712 33
968 139
932 558
493 400
422 660
993 584
8 936
815 935
851 598
659 395
287 586
517 617
424 824
719 599
498 121
100 389
891 498
971 570
343 779
536 109
186 682
206 553
446 120
449 308
857 439
107 297
271 119
5 39
396 706
781 646
316 964
747 916
761 828
798 655
801 185
969 783
200 800
242 423
504 706
138 762
982 491
251 351
986 998
535 601
238 587
666 920
773 964
244 652
875 482
514 724
145 95
878 667
882 742
688 819
875 371
947 30
528 695
70 688
815 436
497 643
677 26
370 403
350 306
244 977
335 442
374 340
515 367
205 922
353 111
853 682
896 681
895 35
328 315
382 242
348 934
3 261
41 986
116 442
82 246
186 801
49 455
712 641
127 794
184 376
405 10
652 61
729 662
159 31
589 598
828 734
352 143
998 896
289 658
609 489
348 379
422 982
353 555
390 112
708 395
985 778
457 725
940 38
232 339
868 832
134 4
241 372
574 566
722 509
423 267
450 394
949 50
588 470
772 541
177 322
919 862
960 789
81 284
686 787
782 466
432 706
587 534
694 750
921 754
475 548
373 625
834 997
393 249
620 373
915 92
901 81
425 168
766 161
195 562
952 215
294 881
703 298
123 436
126 885
598 65
648 95
334 870
565 390
587 35
93 310
117 432
870 598
909 738
283 322
654 375
639 287
14 726
553 96
424 172
857 666
325 84
164 86
315 194
278 970
672 513
503 965
144 426
224 152
25 473
447 61
361 273
715 562
25 935
723 31
136 813
773 418
209 984
793 77
802 773
188 120
76 738
650 337
45 673
941 462
673 528
266 70
158 968
114 164
237 561
347 17
367 82
618 508
677 969
238 485
755 61
665 293
777 931
397 914
34 972
928 416
603 110
565 40
475 659
792 207
80 33
81 376
264 808
420 683
21 702
227 163
191 324
89 134
18 564
371 697
32 558
325 611
925 152
848 836
665 786
705 973
782 123
714 917
679 465
882 250
460 521
43 627
143 564
653 839
691 44
140 286
364 316
296 36
739 280
317 515
496 731
840 560
931 859
608 572
705 442
982 799
727 829
283 588
361 380
508 710
762 311
326 930
664 749
810 855
361 269
508 612
842 324
275 957
704 365
867 747
962 769
559 673
504 259
291 423
159 849
167 712
645 709
387 984
932 676
992 391
396 605
137 670
301 915
141 810
881 945
574 816
497 936
168 856
189 850
194 968
301 548
103 664
91 112
864 816
726 270
501 849
746 444
315 745
589 162
534 557
593 39
167 12
189 564
831 229
688 381
828 838
394 504
291 9
588 286
271 18
614 380
4 895
940 419
983 287
350 904
388 109
213 400
565 171
386 963
41 263
299 715
319 516
804 932
930 619
734 701
863 475
453 282
433 558
596 703
142 182
382 539
695 990
865 860
773 880
614 934
563 164
246 368
929 530
625 163
643 284
663 379
22 843
380 264
390 815
691 8
531 435
236 475
844 538
442 566
960 39
409 295
376 302
624 640
788 869
97 212
11 644
193 569
359 108
326 895
638 193
75 573
866 768
965 92
141 394
490 124
607 555
850 268
852 322
548 642
415 204
257 38
793 916
940 797
799 106
915 681
861 317
112 740
594 152
850 46
297 950
484 368
298 498
855 543
271 803
733 916
209 88
104 946
206 86
660 177
536 511
404 375
372 675
384 747
637 306
558 742
216 554
489 538
471 670
240 400
585 335
484 795
610 697
616 90
834 49
338 536
541 182
890 264
853 132
123 427
414 68
715 239
751 549
735 224
973 555
667 320
942 586
272 685
434 229
164 462
277 681
938 789
506 243
513 48
74 479
48 495
389 748
587 151
550 281
862 31
476 334
3 102
973 926
678 445
926 907
675 649
16 122
3 260
131 859
747 235
736 280
884 896
908 400
802 911
35 101
701 583
885 282
33 571
55 462
665 315
198 5
428 188
690 683
858 569
486 462
896 278
200 163
729 307
721 775
43 287
450 311
846 137
996 286
817 389
301 620
450 166
234 529
630 278
440 496
223 431
224 519
526 698
531 736
345 309
517 989
81 275
412 157
765 297
717 134
848 59
665 539
351 408
887 250
337 570
303 357
347 609
459 107
946 635
13 912
913 386
273 995
806 215
777 467
754 796
434 310
454 189
377 448
31 717
123 292
531 269
36 725
272 901
41 121
818 867
978 605
615 656
246 221
377 34
469 626
217 457
993 376
727 939
909 154
651 643
73 138
515 63
112 352
809 286
519 991
244 165
311 128
551 143
641 629
2 9
240 516
224 153
576 430
44 396
488 542
966 375
205 671
704 258
851 213
871 174
448 576
512 629
289 716
876 512
591 31
634 574
29 514
848 780
366 957
498 333
730 544
402 519
422 578
538 683
157 239
95 551
833 730
190 329
347 318
989 739
223 387
411 541
530 557
837 959
911 344
886 752
271 557
561 565
891 298
379 126
271 174
649 474
333 673
407 446
845 786
651 516
820 149
19 174
338 860
897 893
783 176
618 851
497 753
271 509
40 893
204 944
706 302
677 552
657 242
288 379
786 406
145 38
899 845
482 161
209 927
374 499
545 581
88 24
567 640
149 551
757 818
923 192
726 759
303 802
585 34
433 205
508 647
736 482
329 12
457 199
131 770
543 857
795 890
751 767
438 233
480 31
978 498
338 85
287 28
783 955
257 217
294 980
225 333
600 431
304 92
858 735
585 61
699 37
612 962
78 34
672 891
766 79
589 494
115 91
797 737
465 120
998 162
584 242
158 37
448 986
513 42
383 874
544 832
580 6
821 284
803 289
593 149
43 244
435 94
299 14
542 222
351 823
471 260
425 436
545 475
203 394
506 681
325 973
217 826
718 299
347 395
242 223
904 422
217 939
713 878
682 231
688 604
212 618
913 441
587 686
15 137
441 540
913 330
395 764
735 143
419 441
173 658
251 290
14 450
326 432
706 306
820 622
861 598
18 784
76 401
248 395
799 640
529 420
303 849
877 460
364 289
148 790
240 799
22 827
403 807
67 862
998 872
378 645
738 229
775 552
460 867
279 313
747 113
274 987
663 407
867 552
559 358
961 563
70 369
286 870
550 559
809 487
698 937
307 265
975 391
233 166
713 236
480 552
88 206
673 622
983 777
495 692
260 415
443 508
500 763
51 991
492 699
418 178
517 710
76 442
628 255
24 101
877 646
252 219
993 349
879 46
76 265
849 15
336 102
727 106
877 697
275 5
42 280
890 708
601 527
707 101
224 601
76 239
973 375
73 196
638 637
159 812
53 297
113 118
419 947
170 503
208 846
108 303
753 166
891 423
921 946
260 4
108 446
700 538
904 15
777 263
905 346
251 462
382 564
231 273
992 695
596 313
779 875
155 181
283 376
494 896
606 969
527 570
152 681
97 247
814 210
504 239
965 942
457 159
645 755
906 604
727 740
381 824
343 767
788 600
680 161
311 93
810 812
651 480
413 350
102 66
358 472
784 143
16 793
241 814
827 35
461 705
141 655
534 430
457 586
337 435
450 389
452 203
200 164
58 206
684 398
632 167
261 491
266 51
103 594
309 511
384 938
940 183
945 719
272 895
781 723
81 385
691 888
740 60
471 716
703 993
360 215
19 36
887 245
164 702
56 31
39 366
262 523
17 340
345 71
678 899
735 182
368 416
490 153
223 98
795 869
958 403
920 239
892 371
116 22
308 748
826 865
773 806
15 847
70 866
108 49
718 910
903 776
28 274
253 733
143 579
979 2
978 602
887 686
397 244
787 596
576 129
539 55
120 765
581 400
193 631
250 384
418 596
849 856
386 246
728 875
90 594
675 676
897 738
755 594
867 608
684 701
277 241
738 638
267 148
819 995
464 649
177 271
256 895
565 608
702 798
439 547
171 321
254 998
225 748
263 390
102 682
859 109
381 481
224 548
81 493
87 179
643 985
788 150
795 690
455 337
480 781
941 912
161 422
273 684
346 874
332 393
248 948
321 184
123 116
416 84
164 722
455 77
976 380
995 168
709 890
265 337
583 849
101 195
271 335
916 528
339 573
247 860
734 390
819 210
274 304
267 817
558 736
99 221
942 643
968 71
66 910
529 302
672 422
39 968
814 441
192 984
209 926
818 772
269 124
952 578
577 427
905 588
213 943
931 716
804 326
733 296
143 980
22 847
75 898
168 224
369 673
139 417
623 997
165 669
13 237
280 585
67 899
653 184
656 228
715 192
750 468
2 238
292 424
43 173
454 65
879 593
3 492
6 957
922 218
764 663
34 298
315 319
129 183
594 69
336 349
444 239
94 932
150 734
998 306
837 624
837 301
974 315
354 640
9 299
121 975
360 113
682 962
301 708
530 526
108 571
640 498
678 670
510 842
369 86
320 574
162 949
852 38
566 483
364 719
316 554
561 673
105 765
679 145
721 411
868 350
616 143
230 883
708 679
209 798
401 125
329 921
298 271
431 41
623 581
570 691
630 355
256 257
333 823
615 810
475 695
303 995
398 973
754 519
952 303
911 529
695 848
349 146
151 298
630 13
823 398
549 190
75 942
996 962
27 771
840 558
32 635
232 702
529 854
178 316
418 783
680 198
803 981
652 20
581 138
960 943
175 729
288 947
186 130
414 498
110 541
326 686
720 689
148 314
976 587
666 465
228 1000
567 73
644 444
537 14
719 818
8 988
245 903
967 868
471 453
219 20
863 839
275 294
292 712
974 484
834 587
409 556
394 184
512 459
821 383
513 934
388 926
171 38
579 421
617 250
232 24
416 335
642 757
497 180
26 898
75 339
777 219
101 386
971 285
781 736
781 532
51 267
235 550
290 957
994 952
347 692
359 633
429 523
800 97
433 584
929 579
678 70
572 477
458 237
866 254
294 895
820 39
960 359
63 575
1000 616
430 399
715 463
57 745
118 898
523 964
943 215
946 153
931 567
391 497
69 215
36 992
53 910
975 215
960 180
121 248
361 681
602 873
117 749
282 467
638 262
514 134
951 511
755 742
349 265
576 499
913 556
932 280
838 583
611 731
219 850
979 716
128 238
358 315
509 933
560 133
603 377
307 676
423 74
209 186
319 53
146 685
613 17
325 966
859 177
381 589
312 172
55 908
4 674
958 807
346 381
393 109
130 840
536 251
833 399
86 427
86 93
786 895
454 913
825 227
567 422
313 439
77 694
869 682
462 848
502 909
244 554
507 889
41 349
246 72
454 179
570 760
899 962
717 631
743 763
924 439
212 385
305 545
506 162
313 770
888 950
472 413
143 578
684 890
194 914
867 308
370 20
466 911
613 335
947 236
896 874
304 91
292 31
610 14
317 956
926 858
302 80
818 318
35 375
127 965
40 479
399 879
790 84
386 358
779 709
414 296
89 807
128 977
721 566
131 710
443 232
872 934
135 246
326 110
231 841
132 904
745 329
690 762
654 801
180 924
556 279
7 73
732 496
73 597
223 751
561 248
484 153
195 70
579 492
462 752
428 448
159 560
822 144
86 816
613 541
186 766
519 208
427 422
851 640
877 731
450 59
488 506
948 573
627 361
111 312
958 195
688 291
639 922
270 193
882 105
459 184
962 49
910 273
367 640
578 449
874 892
692 73
895 578
207 142
854 237
910 51
490 560
891 323
442 831
792 654
522 539
855 653
948 273
878 768
402 397
444 112
434 58
145 437
936 456
829 131
83 289
283 291
692 909
68 429
142 313
808 130
539 18
46 6
672 689
241 138
784 923
896 720
252 760
607 419
554 573
588 318
227 943
49 435
221 149
645 787
838 146
45 944
72 891
14 834
163 4
131 546
906 740
806 917
51 441
885 920
996 611
159 353
732 37
435 969
663 561
298 192
850 984
979 644
379 464
954 970
828 999
581 745
216 819
949 853
181 251
54 379
310 785
4 580
993 657
924 533
998 674
482 263
906 139
911 190
283 536
573 405
973 337
460 100
775 479
91 896
366 266
630 727
451 374
8 460
317 350
35 917
933 948
536 930
194 314
838 627
14 81
933 773
271 418
739 202
856 302
838 642
553 370
408 991
1000 525
13 184
911 739
444 20
282 171
731 796
201 825
454 421
311 292
849 434
921 528
545 156
746 519
131 979
206 437
904 593
34 293
766 685
583 265
897 696
472 128
582 38
866 799
61 511
914 649
131 753
831 864
871 99
345 684
659 979
650 562
408 185
449 851
102 55
255 698
432 15
419 283
121 543
214 588
175 830
548 292
347 45
590 923
752 115
958 607
704 618
929 331
430 744
806 659
682 645
439 618
996 357
179 59
677 910
320 169
641 232
533 426
534 605
522 189
836 285
198 882
109 333
769 332
399 57
848 451
940 499
483 360
284 335
737 339
590 343
646 165
722 567
669 92
281 779
138 900
414 617
660 769
366 294
545 478
333 615
891 69
711 342
549 819
24 455
208 902
407 337
981 242
360 554
568 15
840 47
778 982
672 61
711 116
326 402
75 158
772 8
248 570
544 103
89 270
899 135
352 744
4 289
353 129
942 299
728 115
636 580
571 347
325 857
967 300
963 187
625 323
728 994
835 966
733 367
148 667
315 186
139 488
782 626
127 945
440 857
754 925
813 360
118 732
608 854
447 655
880 602
22 257
836 189
158 833
620 532
787 534
383 974
935 476
216 973
512 650
396 989
873 65
74 42
223 539
78 314
280 237
7 778
428 477
548 574
767 650
91 189
169 731
501 790
251 819
837 984
401 504
788 252
169 612
123 564
940 471
872 37
599 50
820 781
807 1
310 763
553 815
299 374
879 131
790 860
296 496
60 633
189 347
320 406
137 224
599 272
268 590
79 132
109 228
381 799
740 346
469 172
678 16
91 662
286 544
661 814
924 432
13 879
910 199
307 430
92 936
112 54
809 976
919 143
529 465
527 295
804 733
17 5
593 970
508 783
403 110
424 144
631 679
154 473
853 729
881 283
966 72
163 269
541 844
908 81
912 20
684 552
386 359
580 617
267 424
732 828
208 971
170 798
978 412
427 686
64 740
201 269
477 456
6 870
610 753
632 86
2 26
651 236
854 981
585 352
911 53
328 791
295 205
133 754
696 610
858 288
630 959
686 593
968 634
766 17
940 292
190 223
787 30
526 661
688 901
132 348
703 7
336 191
296 486
122 608
319 782
414 534
74 975
19 66
538 14
539 651
8 465
962 14
313 466
186 832
151 950
43 841
65 177
870 399
377 647
303 235
568 88
715 219
288 956
226 996
249 445
854 226
503 496
674 604
812 528
334 838
777 349
972 148
910 163
269 233
588 777
923 84
305 733
400 247
990 28
539 100
922 868
136 22
545 715
175 368
969 263
218 789
463 53
157 874
981 424
978 350
874 287
733 456
625 711
862 756
700 247
987 581
997 686
826 261
989 239
21 173
6 947
478 652
525 333
840 353
380 682
594 176
78 33
261 527
966 624
793 222
604 232
72 425
332 589
293 783
864 837
811 974
828 992
613 374
409 598
86 459
206 679
264 746
239 196
159 535
46 895
802 489
761 470
316 693
445 791
712 454
215 653
878 55
226 678
800 889
360 928
859 390
754 208
313 494
744 966
66 206
662 449
948 208
736 982
395 669
808 353
490 533
40 860
517 470
187 543
994 389
812 790
193 354
784 587
810 499
283 401
356 889
585 561
114 823
248 509
247 753
175 276
822 977
895 165
187 643
754 743
745 708
175 389
969 396
58 757
408 412
300 858
528 509
527 107
989 66
75 654
889 854
46 509
604 707
315 583
774 513
419 209
851 142
64 556
805 705
20 783
496 332
21 50
599 741
512 687
783 665
507 582
9 612
162 888
205 593
323 71
123 957
812 1
262 998
390 171
466 581
195 1
767 657
663 826
812 400
25 578
797 484
156 492
450 241
142 683
569 381
471 293
720 255
778 403
941 581
602 255
548 761
218 196
240 404
57 194
995 260
996 43
928 347
858 20
185 358
571 598
86 166
469 38
968 731
921 951
385 917
192 757
374 237
156 80
583 795
473 204
570 738
83 525
501 230
601 200
144 903
308 698
888 924
170 679
852 831
885 811
356 654
431 188
415 731
201 843
977 863
41 146
843 557
636 581
89 702
329 239
360 245
918 273
909 114
767 386
308 847
611 878
154 117
865 15
851 76
409 33
884 908
97 470
547 212
953 525
861 492
901 853
900 824
225 394
210 222
374 789
274 812
286 155
141 652
720 671
42 935
388 719
617 809
64 935
671 12
513 230
789 81
37 988
849 334
155 893
392 537
802 220
716 570
309 508
480 518
708 150
216 748
648 697
647 309
704 789
797 456
413 479
994 918
976 117
830 272
33 212
324 957
843 743
517 874
460 173
423 827
561 670
467 763
359 953
234 846
38 214
277 902
942 904
851 949
985 491
677 485
180 131
170 377
544 422
122 158
397 446
914 786
145 62
737 548
978 966
816 375
796 251
306 75
175 874
507 891
164 381
536 74
350 384
481 471
943 710
752 118
40 518
18 742
278 92
936 971
339 94
50 215
586 485
418 595
97 337
429 49
196 716
202 381
101 585
983 639
106 209
470 662
287 905
21 136
6 980
667 906
138 340
121 500
179 724
438 35
832 762
906 849
11 63
395 476
456 222
612 953
485 93
876 802
271 758
112 959
820 605
352 256
355 233
660 134
95 547
152 405
685 853
617 39
842 550
214 343
250 17
699 985
258 769
265 235
376 738
588 503
402 948
260 298
464 389
564 376
309 370
200 671
702 202
744 92
442 987
424 674
283 249
446 279
354 174
138 703
657 869
216 179
587 484
236 206
776 53
703 474
796 168
763 167
585 597
222 24
785 74
948 386
262 700
828 232
810 431
776 275
631 789
652 446
781 30
314 725
187 321
903 527
447 915
411 409
912 226
235 189
932 237
607 429
735 760
349 994
923 482
176 685
808 281
267 924
232 724
304 193
118 907
395 26
3 57
132 372
872 900
818 470
840 354
489 84
181 438
509 9
920 314
977 319
724 988
393 670
323 989
965 278
289 861
660 324
241 580
993 949
980 693
124 279
119 379
750 711
107 963
953 295
260 629
121 867
569 759
107 848
280 294
669 340
411 588
484 14
695 480
9 875
794 979
637 177
12 820
768 186
327 321
552 769
829 543
795 659
29 215
506 292
626 53
220 806
8 462
83 786
545 57
764 427
123 21
454 991
327 103
365 176
302 1000
317 461
14 87
967 151
633 593
758 427
283 483
247 978
761 802
565 505
605 572
420 136
627 816
740 625
942 269
602 638
948 614
291 957
18 671
718 884
899 58
753 345
799 541
697 787
383 372
984 289
624 248
600 751
738 336
207 23
390 733
619 63
231 941
213 674
182 339
105 395
594 883
207 58
651 504
615 11
780 220
598 831
234 98
841 986
733 92
477 414
297 808
103 117
660 489
755 813
665 85
707 757
427 774
105 96
729 862
551 577
846 7
315 717
580 215
516 939
152 94
634 852
798 53
419 712
354 675
512 125
988 626
220 996
795 718
685 558
604 368
472 985
470 100
532 231
699 638
313 303
947 680
177 872
159 808
532 342
184 60
536 785
973 452
367 597
762 629
356 474
360 925
129 207
133 286
134 745
599 511
123 430
81 917
825 422
717 592
50 383
179 97
400 274
164 459
377 408
400 161
535 309
493 530
909 454
634 240
317 804
853 338
877 428
325 297
494 900
714 27
753 631
775 520
795 374
344 464
801 985
642 479
920 161
64 363
413 632
604 365
823 141
983 409
534 64
148 507
278 770
941 194
943 532
250 701
534 51
157 457
163 165
103 360
324 107
953 637
845 951
334 132
727 439
341 744
589 434
349 601
650 310
65 766
859 916
271 770
312 337
412 281
423 71
461 144
450 163
267 987
472 663
132 491
507 431
33 657
60 789
593 600
797 120
750 518
274 151
759 266
670 265
610 598
578 504
963 686
88 884
363 458
470 354
240 159
792 518
479 496
192 722
377 346
48 790
468 903
182 957
109 883
203 498
701 367
193 184
446 602
108 45
491 447
616 488
304 666
505 111
974 683
905 596
584 283
292 26
465 570
502 511
722 149
857 668
71 622
934 552
850 431
889 278
101 743
620 197
417 680
954 497
37 443
922 83
944 647
83 213
249 829
43 169
180 889
55 11
383 654
793 934
963 498
525 295
839 651
399 526
76 649
846 349
774 462
962 678
745 334
428 14
156 738
379 600
522 227
107 585
272 546
976 534
243 57
805 167
512 360
592 582
366 817
936 728
224 730
189 840
660 72
159 428
492 767
379 276
615 729
191 31
786 557
732 273
169 565
924 931
229 825
716 317
925 7
857 497
450 937
809 630
437 349
241 116
63 311
773 100
705 854
214 173
688 516
820 1
401 149
240 187
496 21
976 271
795 837
759 12
69 616
970 485
832 462
130 367
939 691
710 370
16 266
934 874
993 104
14 692
309 812
278 121
926 949
606 989
143 833
476 162
923 276
419 821
219 576
366 657
702 284
138 970
174 280
97 285
278 714
747 327
451 258
894 58
452 105
272 511
777 662
806 277
822 422
570 455
440 736
133 579
831 444
381 191
224 171
954 969
168 862
688 21
929 257
944 239
968 229
107 851
20 58
539 986
426 241
445 563
686 627
691 775
428 423
858 284
164 909
78 483
850 648
356 193
399 87
167 155
575 238
317 339
802 342
592 110
366 265
830 440
924 165
35 918
402 187
166 32
556 600
799 984
246 284
290 772
888 700
759 16
190 821
711 385
330 952
863 86
520 72
317 174
839 265
838 272
459 865
374 186
19 540
645 432
839 675
80 734
616 544
595 32
930 950
249 42
302 28
127 9
53 950
899 74
443 966
351 689
603 804
836 116
36 95
700 38
810 674
942 95
174 197
728 442
524 75
562 146
304 238
430 930
129 501
298 69
684 272
613 438
232 495
398 864
965 265
750 625
716 897
552 674
771 576
167 891
542 797
607 788
470 808
721 942
779 202
907 273
102 743
195 3
696 540
569 274
848 311
871 689
474 249
117 847
264 791
82 514
303 478
729 16
532 224
203 794
720 128
179 185
857 297
730 89
931 504
311 976
304 822
721 362
389 786
797 181
781 528
543 945
397 263
865 871
683 818
867 997
173 864
194 285
711 224
658 492
57 531
60 438
705 911
430 288
378 81
877 137
700 646
657 201
706 275
765 808
925 563
363 156
878 525
791 871
575 599
979 438
819 417
793 574
101 881
942 409
249 966
583 345
253 534
914 454
850 29
991 564
831 931
776 443
62 856
11 678
249 951
663 438
331 681
633 25
746 792
159 403
254 51
365 906
429 493
309 695
435 868
811 733
439 820
97 325
447 281
875 722
519 793
586 899
400 524
115 105
558 293
250 924
346 351
73 701
883 108
133 667
393 806
780 950
30 45
941 733
87 68
508 255
327 597
917 251
332 813
464 125
581 686
347 296
422 314
918 671
228 125
376 712
338 377
659 285
608 499
683 483
855 161
420 702
256 439
773 254
62 79
725 661
714 646
592 54
424 712
995 179
958 5
63 355
123 476
945 592
299 521
502 48
143 680
117 359
243 980
66 935
31 715
251 481
89 510
456 983
238 729
683 572
814 422
107 238
472 353
923 250
193 473
247 522
784 804
179 794
681 444
516 492
740 921
710 49
785 142
144 81
339 843
886 278
634 503
653 143
729 473
586 114
768 412
24 631
387 53
280 737
482 731
799 266
140 949
923 550
963 501
653 369
158 785
437 664
348 167
360 804
932 655
461 81
889 622
263 223
958 185
510 486
148 109
901 617
208 304
190 480
428 301
105 200
595 941
742 780
47 718
363 877
989 765
828 829
265 233
674 151
114 104
355 878
191 252
489 980
218 186
592 899
440 240
683 92
497 449
226 641
661 598
66 118
907 916
289 477
626 414
994 666
939 263
333 556
501 442
874 932
856 679
171 540
808 586
147 856
956 706
613 757
597 208
194 325
14 488
640 599
240 11
402 374
26 442
706 296
744 651
31 687
240 922
517 256
761 328
728 191
490 734
515 867
516 200
974 644
22 785
39 845
776 277
451 713
692 905
80 785
706 119
942 465
247 671
567 956
291 225
477 150
660 469
689 790
227 979
642 168
785 507
680 239
684 527
225 214
443 155
462 92
230 65
415 209
988 181
253 78
810 993
650 538
559 686
196 448
384 218
702 846
522 464
723 433
872 533
486 313
215 213
642 857
721 816
224 776
914 101
462 310
634 975
820 652
883 36
724 700
894 388
868 51
521 634
848 993
636 299
599 913
466 751
159 528
717 102
976 160
76 515
929 589
851 672
433 923
696 863
393 708
501 636
13 752
734 296
582 995
180 39
758 687
960 963
100 862
906 489
694 600
976 349
904 138
36 734
249 493
601 832
952 150
666 908
766 789
724 616
40 863
666 575
59 641
139 661
964 980
18 778
771 344
899 175
244 598
226 233
291 959
817 552
166 493
153 898
62 722
301 266
839 966
608 129
399 909
36 969
830 727
241 488
416 402
84 989
875 58
348 986
277 338
408 415
773 741
942 92
780 79
139 337
233 398
378 609
417 599
738 449
465 291
768 574
2 890
385 98
841 634
595 41
372 246
564 984
637 702
996 739
305 267
345 870
920 280
152 130
154 976
363 925
953 464
493 503
276 99
774 294
8 961
741 337
443 498
182 617
945 852
621 608
731 733
974 489
445 741
923 957
621 908
33 483
677 906
294 461
16 767
471 433
350 674
77 986
854 720
65 562
786 626
380 141
254 690
627 436
901 323
207 972
781 813
267 671
308 65
904 328
599 155
892 135
87 487
95 936
995 150
868 232
816 515
490 850
952 195
381 887
791 602
313 527
782 139
269 332
287 852
18 537
274 482
402 303
296 310
763 240
639 525
568 386
877 136
352 637
875 363
989 793
857 789
197 284
97 152
745 788
173 291
563 935
981 508
692 577
89 556
698 642
697 813
383 438
650 865
10 640
687 334
582 16
639 65
533 564
720 997
118 720
525 432
598 750
234 53
681 754
476 26
629 204
512 608
71 827
720 771
295 455
666 233
921 265
528 250
693 720
234 215
16 942
570 269
526 341
510 376
662 341
189 945
982 861
65 853
971 867
913 698
688 79
565 647
769 512
632 284
561 800
12 928
46 984
765 448
638 854
841 560
851 461
793 437
696 680
837 64
557 673
309 316
636 450
279 517
641 765
539 589
510 903
630 736
578 327
913 490
260 87
341 12
132 992
735 188
979 453
152 999
302 409
910 88
144 599
715 128
402 275
540 45
213 179
990 917
57 671
904 928
961 177
544 135
943 1
197 367
549 922
828 199
369 558
286 361
101 771
139 554
322 764
108 205
859 467
465 568
118 786
321 572
305 919
995 556
135 975
597 736
847 104
63 697
852 274
176 787
658 695
770 29
185 555
628 377
462 57
923 569
894 28
606 656
883 301
296 539
392 730
729 875
34 371
236 877
438 465
366 929
335 587
410 702
160 709
551 523
416 828
594 490
613 350
524 449
46 901
935 313
884 423
713 537
343 178
200 420
919 773
539 334
753 437
915 162
973 168
614 28
315 834
729 951
718 192
911 214
40 695
563 324
467 664
857 352
621 263
969 894
768 511
235 791
805 337
429 949
482 86
782 67
820 434
930 718
532 622
238 523
166 228
300 748
481 278
99 195
503 637
804 622
796 218
800 285
268 291
325 798
217 445
761 312
781 27
517 358
658 870
164 227
573 153
791 70
776 485
102 339
411 410
398 949
783 738
684 633
616 883
563 780
196 291
692 680
434 744
606 850
55 248
25 445
23 926
173 13
432 393
843 165
434 635
285 396
664 612
101 507
835 416
548 190
813 78
410 611
619 259
949 958
305 787
150 609
19 650
806 872
298 659
155 806
615 420
35 25
659 630
592 691
55 557
280 297
635 631
119 414
409 291
742 804
699 998
792 132
260 378
885 799
877 863
517 798
276 908
51 388
345 231
720 53
976 463
790 792
612 242
596 735
552 858
874 921
247 137
359 595
341 452
52 905
181 555
844 477
276 800
714 680
830 152
902 517
62 358
690 825
296 234
558 518
189 97
155 49
1000 626
430 373
696 52
35 583
731 994
349 106
749 580
934 773
852 150
283 405
56 229
469 578
882 182
98 428
724 456
302 34
433 145
126 486
879 812
206 446
282 86
28 630
322 855
179 962
165 699
791 219
178 310
842 273
510 242
901 893
599 624
211 307
513 365
127 591
116 252
281 289
798 286
637 302
506 784
214 577
408 92
51 804
68 910
638 592
917 229
205 19
940 202
102 741
160 636
413 70
821 377
55 561
885 834
981 515
198 887
884 937
534 961
132 385
99 718
214 13
410 920
242 250
981 869
728 108
982 6
177 877
130 785
593 265
502 938
576 463
892 247
621 463
113 248
576 752
139 978
72 153
494 574
423 710
523 796
856 271
748 869
584 798
677 303
972 413
520 102
648 59
445 507
709 606
919 215
890 101
359 426
144 153
914 883
224 407
39 788
808 147
675 544
468 290
878 877
771 85
3 255
704 16
705 457
687 329
599 489
838 175
6 881
179 990
699 279
75 547
809 443
791 255
228 709
571 337
233 250
253 231
344 701
254 128
385 77
203 199
193 936
774 368
794 338
800 49
335 630
581 906
837 272
361 239
694 187
437 130
801 488
42 562
812 82
764 955
15 552
87 70
557 290
983 8
198 960
479 825
9 357
48 717
347 866
328 557
935 122
902 129
480 888
525 540
708 944
983 366
416 208
470 391
535 801
111 403
683 114
96 840
687 602
337 50
549 581
598 876
554 493
22 719
223 218
833 306
861 622
82 774
443 646
19 267
406 729
777 475
948 148
770 692
657 823
666 965
832 485
226 76
382 628
856 429
766 850
947 980
292 295
244 536
649 866
930 70
442 681
476 443
504 957
848 604
35 492
739 310
407 820
681 876
165 738
284 590
282 398
777 621
549 332
889 299
487 328
382 102
6 968
673 717
528 72
90 617
325 270
495 178
727 487
858 626
659 895
65 284
901 966
703 590
975 757
337 193
440 694
578 996
506 955
712 98
141 910
211 221
258 874
579 466
427 97
780 555
195 477
893 174
436 977
497 229
704 885
651 862
532 43
688 473
817 699
404 310
569 42
899 761
536 221
898 988
1000 490
489 875
661 619
692 87
251 161
697 319
476 714
9 861
47 253
428 913
993 438
933 252
244 717
316 210
388 295
325 908
937 10
101 962
959 697
75 628
52 635
680 804
420 231
701 82
371 321
70 99
398 538
701 963
150 75
904 699
154 6
622 251
788 825
404 962
10 601
391 324
783 786
188 984
376 104
429 418
693 885
909 920
16 201
235 479
128 947
973 371
308 44
638 211
200 621
289 736
733 229
625 804
112 753
441 285
99 793
915 517
291 319
202 974
98 815
7 171
351 398
693 440
604 229
801 194
257 364
528 897
869 199
561 798
638 609
907 502
19 960
275 384
919 955
564 570
926 161
217 657
693 777
788 194
476 912
433 921
693 203
762 434
129 628
557 524
150 930
191 274
359 876
161 347
270 167
716 435
934 382
632 674
762 593
514 932
986 153
38 18
784 512
977 554
796 490
147 886
813 809
977 699
65 1
819 168
164 467
296 618
549 960
566 806
36 789
143 531
264 943
496 274
10 904
691 19
161 880
680 768
454 415
202 76
420 27
296 9
266 737
249 47
880 199
354 231
826 643
413 767
264 195
510 17
3 275
310 276
940 752
761 53
942 98
374 608
35 130
533 911
880 564
348 250
594 170
520 741
158 879
785 519
128 782
628 33
149 104
393 702
267 213
849 440
104 605
257 479
333 76
408 93
656 643
106 326
968 181
767 527
327 626
57 378
132 620
828 897
777 913
940 203
500 626
859 61
518 168
262 874
105 279
218 94
185 399
575 190
824 640
967 960
111 382
887 233
445 822
857 302
214 125
540 1
990 754
293 354
95 938
557 989
942 881
947 733
696 91
368 444
378 237
195 977
911 815
473 215
517 654
882 653
286 919
801 401
500 431
433 466
89 272
311 401
520 246
278 218
272 597
300 646
652 499
781 209
987 964
326 182
164 213
866 987
593 881
455 567
106 964
533 73
891 569
442 824
975 220
154 126
27 740
123 863
698 627
865 2
539 190
580 627
317 627
984 688
240 608
974 783
813 499
67 721
997 60
434 512
862 576
884 56
302 722
49 654
159 150
148 229
846 500
169 644
862 866
684 390
765 109
233 932
575 926
778 94
194 777
379 271
731 210
125 895
732 265
642 545
590 155
600 939
603 28
268 870
90 488
40 733
275 150
189 484
320 637
906 476
471 287
982 35
344 371
458 455
979 685
539 594
632 730
375 398
14 96
952 225
237 425
321 415
958 411
249 427
47 216
105 847
491 290
146 251
964 423
574 203
170 757
609 925
382 600
976 120
279 42
564 426
704 29
748 217
296 50
630 221
926 818
505 476
550 306
900 709
706 532
980 107
283 717
895 120
476 218
245 403
429 44
287 146
201 213
21 589
922 95
763 843
12 235
508 602
490 189
275 939
430 768
847 27
940 847
615 79
11 933
486 129
141 602
387 998
281 367
301 788
881 818
55 293
183 272
978 184
135 397
580 631
394 25
361 202
163 988
603 226
996 340
744 389
964 138
88 759
932 616
826 247
439 680
445 555
63 204
712 242
986 497
863 533
100 71
998 616
581 528
680 165
604 983
952 304
695 520
733 757
755 293
403 120
106 199
388 236
741 218
264 978
389 826
142 791
347 182
860 760
511 540
664 275
977 956
264 929
951 471
29 476
668 346
89 61
933 874
554 81
772 424
611 384
612 175
26 534
616 298
924 99
377 378
599 419
322 397
431 29
839 112
71 10
436 389
916 911
445 433
446 634
710 487
783 345
87 892
182 780
277 744
494 870
867 200
117 489
264 509
763 299
359 412
397 191
273 369
921 573
10 868
525 131
672 345
931 756
514 436
357 540
710 16
767 214
385 163
700 141
131 666
335 154
706 794
896 538
285 463
936 779
98 914
576 306
172 453
279 611
211 281
709 250
666 907
349 763
357 167
444 657
133 544
266 145
413 862
151 833
642 852
590 902
203 673
985 840
33 363
516 956
64 787
157 202
470 883
733 567
437 106
475 811
204 299
950 312
254 661
94 718
369 509
705 635
100 123
428 562
328 614
132 318
265 411
449 470
105 596
238 856
755 430
259 693
852 732
544 261
262 568
110 431
472 224
683 202
117 570
817 896
160 397
142 13
810 219
258 536
562 616
303 122
371 897
22 982
924 697
333 815
344 248
448 28
98 59
66 541
503 752
676 454
843 383
347 69
974 743
477 981
946 124
141 222
277 708
523 957
614 521
413 766
490 467
127 922
275 773
19 879
684 607
857 987
447 515
603 937
639 913
680 206
767 706
613 490
49 33
512 903
894 203
417 453
128 912
404 197
303 856
560 947
79 325
465 433
671 897
373 94
573 47
396 673
520 133
663 775
229 441
258 561
333 75
313 70
396 903
233 856
21 655
405 544
209 231
800 590
980 948
234 690
789 650
225 925
610 732
830 457
498 846
601 903
892 130
86 73
289 297
553 548
899 560
207 751
669 966
433 870
568 167
397 259
61 692
740 429
320 304
841 309
143 336
94 230
22 515
577 216
227 205
800 121
529 349
560 336
903 799
26 497
84 175
493 525
41 148
757 105
706 555
101 893
857 651
796 571
399 994
824 293
775 519
528 441
984 258
400 979
139 644
809 441
663 434
577 693
407 752
644 666
14 914
652 411
330 495
408 365
484 882
654 674
750 821
945 610
766 61
16 66
823 942
738 262
569 592
56 637
842 612
113 636
58 215
439 982
208 328
831 496
929 360
158 106
567 474
733 974
526 985
688 209
210 397
485 261
396 826
612 368
224 529
208 118
218 9
103 811
273 558
650 228
100 51
962 178
8 16
858 67
696 937
184 221
913 613
959 848
119 23
69 750
290 902
437 614
668 230
134 718
14 16
16 822
536 528
867 94
501 196
356 729
145 48
757 947
867 175
316 191
677 82
348 712
476 437
921 544
574 298
776 381
88 181
269 928
363 13
715 368
112 267
288 171
77 785
303 641
828 32
667 866
151 333
634 499
546 849
982 825
767 61
881 44
383 292
297 886
828 407
617 604
500 64
980 330
103 165
385 62
228 586
647 189
89 780
400 733
334 122
999 380
766 89
669 827
34 225
197 595
782 74
976 922
794 551
31 424
506 953
234 488
272 709
699 878
39 193
42 679
25 915
835 126
752 768
270 431
553 817
772 597
384 830
884 465
189 549
405 600
29 92
105 494
512 58
363 766
697 242
82 966
660 849
221 869
310 734
294 243
886 633
777 27
708 549
142 371
518 290
920 557
550 92
247 166
868 704
344 511
363 429
382 667
103 522
424 311
497 295
52 807
96 263
424 454
170 726
501 216
948 281
382 629
143 569
420 146
38 289
773 658
126 638
696 481
127 131
473 552
738 100
296 47
374 488
689 552
945 390
467 70
552 224
221 459
500 134
192 255
690 82
781 105
280 228
495 909
144 385
880 955
275 857
679 927
947 167
392 923
396 303
215 61
129 492
595 17
528 182
819 601
332 572
974 247
334 86
617 858
465 485
837 325
567 124
698 253
236 844
955 262
133 590
461 113
259 169
354 643
733 901
996 214
668 836
871 571
823 950
328 790
837 520
578 880
128 352
204 443
955 597
389 7
281 646
636 406
194 225
659 345
454 567
401 441
835 376
946 110
837 810
643 207
535 875
534 794
424 757
977 927
706 247
335 100
82 829
798 671
895 665
181 647
260 42
283 219
443 949
790 654
866 352
98 214
423 735
905 292
155 389
874 791
471 819
424 418
888 903
795 213
463 835
246 113
765 811
957 121
927 993
745 696
624 16
387 142
718 894
866 53
558 999
425 681
880 800
144 207
511 341
791 103
882 60
26 47
586 39
54 753
456 320
510 23
702 275
443 74
740 812
615 944
709 443
69 947
511 583
906 561
675 500
59 73
2 886
560 948
850 357
927 42
641 341
932 380
880 645
78 4
176 60
267 215
444 107
289 883
309 368
659 188
349 591
708 42
451 3
659 550
785 807
2 523
59 710
927 985
955 512
205 225
333 428
817 487
246 614
178 766
660 922
735 422
755 284
243 560
191 304
412 35
330 660
661 560
482 315
122 786
270 48
18 57
971 229
380 416
406 560
977 532
227 117
507 965
977 677
194 685
807 601
960 368
920 575
142 264
454 110
771 440
425 884
979 445
287 410
95 503
719 391
729 343
714 5
516 275
830 759
852 395
675 690
359 133
917 721
448 960
474 576
918 229
762 782
637 749
811 720
314 88
524 251
319 457
429 377
949 578
966 544
433 522
149 138
831 610
335 627
585 332
346 344
72 32
419 396
138 108
842 524
755 45
404 431
461 138
15 279
350 642
149 477
711 639
642 686
440 106
369 388
761 906
833 533
392 205
817 668
930 341
769 721
110 485
597 485
798 836
240 262
772 295
167 303
78 766
172 647
178 964
324 858
200 840
167 444
912 561
650 257
91 750
902 704
616 351
239 45
291 541
393 824
951 534
131 117
648 425
925 899
625 497
330 223
154 33
883 610
893 517
458 100
969 77
606 890
757 832
538 250
791 284
653 283
750 865
362 110
837 611
634 722
582 274
529 934
895 297
698 887
382 500
58 406
135 126
249 545
582 429
423 107
148 251
974 11
927 972
119 656
410 698
713 624
774 226
6 120
725 880
496 953
730 678
107 877
973 176
639 267
815 867
137 328
986 501
432 956
911 316
224 574
479 798
564 512
858 181
103 841
272 996
459 290
703 15
726 356
837 821
949 395
271 179
57 771
742 754
467 668
530 450
472 774
768 499
735 271
682 153
900 208
412 900
134 373
874 929
913 347
308 347
660 688
757 628
812 923
706 434
928 120
178 891
895 986
296 242
114 553
29 169
703 451
9 723
249 310
675 782
621 182
865 396
57 703
773 657
64 237
652 550
361 957
896 976
14 271
61 240
652 437
455 957
698 727
840 740
724 39
112 411
698 582
844 968
224 193
116 343
80 933
616 887
391 321
84 821
197 242
73 60
93 929
666 11
687 499
447 638
470 693
488 372
299 282
728 623
250 767
489 93
541 823
509 2
201 465
902 369
267 170
508 350
825 644
521 643
708 55
548 408
676 725
851 828
755 229
39 228
133 879
355 723
483 486
891 485
698 335
717 97
333 280
363 733
733 727
347 388
946 724
32 380
341 238
754 999
803 921
808 781
241 10
169 821
705 667
796 374
161 713
215 634
892 350
161 698
181 567
296 351
761 525
523 756
304 890
817 845
13 862
1 830
94 155
909 991
726 844
268 364
456 532
580 981
961 893
959 734
457 398
404 643
70 553
787 677
600 90
47 353
953 942
74 129
827 965
538 272
912 197
417 761
879 921
177 462
689 821
857 312
943 904
693 805
486 109
123 805
880 984
310 287
957 572
962 966
504 444
243 168
947 859
513 579
954 142
840 191
138 279
784 301
881 879
71 995
422 935
171 741
279 758
674 276
159 332
954 4
538 839
777 517
426 445
300 406
893 113
708 401
261 269
251 689
768 127
987 101
76 316
792 117
901 317
812 392
869 73
67 195
696 598
897 398
238 24
994 906
145 99
318 80
901 479
886 567
264 186
617 258
855 776
80 372
428 822
568 169
363 487
380 479
588 20
807 890
298 326
282 579
583 787
326 376
825 431
990 787
995 123
887 441
943 507
399 306
804 595
957 43
818 883
451 870
770 974
610 241
961 857
908 832
498 459
515 958
741 413
496 640
245 11
883 649
776 417
101 716
954 484
573 334
421 545
317 624
966 263
568 946
953 676
419 192
438 172
22 431
478 701
742 478
836 791
193 819
15 850
185 899
37 738
775 948
443 311
82 13
375 688
363 942
619 318
796 786
181 503
292 560
81 835
121 706
470 991
626 545
275 735
392 435
676 749
800 528
100 479
546 209
324 647
823 767
627 486
730 997
248 264
270 320
18 489
169 595
556 873
685 523
941 929
708 956
225 840
313 332
811 445
631 340
227 178
968 656
56 42
256 572
294 36
219 665
192 698
446 355
588 56
991 205
89 87
17 466
605 271
9 694
175 1
506 168
535 737
866 152
649 870
969 641
636 416
919 247
922 777
191 888
452 696
179 864
933 439
330 220
834 242
575 966
780 302
839 973
110 935
861 181
511 364
59 359
922 43
282 394
124 839
567 967
236 565
771 143
196 347
969 221
683 17
607 599
556 491
153 8
600 479
230 46
233 218
819 639
509 125
127 690
475 181
662 155
261 530
559 513
29 534
199 519
760 916
998 178
11 132
565 629
12 603
824 689
76 975
529 833
775 190
113 83
816 53
379 447
952 78
91 144
823 707
220 564
493 978
941 628
470 670
29 90
121 937
384 522
142 875
15 411
697 240
401 467
848 388
61 617
65 878
252 500
125 610
221 867
612 116
557 693
743 930
917 341
85 212
431 312
14 208
622 37
548 904
53 374
759 404
743 819
638 358
648 153
812 916
212 312
85 54
748 794
198 383
203 407
331 346
539 337
260 854
688 793
193 157
321 832
585 691
268 329
677 227
990 122
921 657
904 833
840 863
277 982
967 197
477 974
118 960
727 978
321 610
370 773
816 258
417 732
878 809
466 135
639 4
975 368
804 47
115 920
281 46
815 369
676 97
880 524
98 969
262 326
943 662
16 860
200 9
522 474
79 275
713 333
732 63
680 386
185 804
872 682
870 405
428 376
621 785
513 38
25 188
760 799
482 7
746 286
401 669
863 997
294 416
78 379
544 971
981 731
520 90
698 319
276 905
460 158
392 134
902 270
930 410
96 884
134 618
621 486
34 566
19 214
539 543
521 56
97 36
155 278
673 341
838 617
910 106
930 636
296 320
369 830
723 731
8 212
389 985
504 547
212 348
861 569
422 590
540 18
501 186
891 782
244 538
606 247
202 249
352 710
424 178
425 798
412 524
343 792
52 603
843 368
221 444
746 525
378 649
469 574
936 61
535 15
705 480
67 37
219 564
231 933
487 319
590 596
700 172
3 420
500 328
163 42
435 785
495 129
335 1000
466 137
84 552
380 711
571 22
936 633
379 377
405 218
850 350
124 732
567 66
474 319
849 345
298 737
485 157
947 244
399 146
384 841
369 269
617 231
526 683
163 759
534 986
693 43
660 932
954 697
424 580
105 565
712 491
716 467
437 670
76 114
385 883
407 506
872 209
90 306
919 415
955 974
801 292
455 415
238 597
576 612
748 504
691 341
412 370
517 305
421 683
429 913
925 524
126 549
182 715
517 322
296 90
169 492
596 333
601 497
658 792
36 900
623 832
539 39
978 765
248 290
637 792
199 598
88 331
314 661
520 984
207 66
45 867
747 73
344 612
165 602
421 544
233 364
328 184
558 82
22 402
619 416
983 963
605 77
715 917
918 874
951 586
470 621
868 1
298 562
775 964
656 864
216 983
603 709
141 402
641 32
971 793
863 799
295 291
831 509
778 203
85 763
11 232
587 841
692 503
498 868
773 436
684 17
101 97
48 371
582 752
380 56
630 984
404 280
645 770
525 848
207 783
606 803
695 544
648 561
591 755
426 67
782 476
631 343
666 124
963 777
930 450
894 787
290 838
615 654
826 531
282 565
82 771
670 384
930 565
240 151
613 730
304 948
123 322
92 819
971 16
243 989
709 940
856 496
857 89
895 945
566 883
790 551
713 901
926 655
779 818
744 549
84 206
876 34
400 133
59 408
616 639
752 111
588 765
404 580
166 559
967 676
908 331
880 771
74 198
75 67
244 170
214 966
69 65
144 408
862 262
224 150
342 295
33 263
337 393
743 1
90 707
434 593
885 336
599 582
671 949
339 308
103 311
269 609
343 477
204 834
576 345
297 872
279 712
673 689
936 561
888 202
89 419
909 674
42 531
902 437
101 52
802 249
698 454
259 814
225 760
232 204
422 345
243 460
532 48
206 627
483 170
160 135
379 13
588 383
899 764
661 517
442 727
584 750
234 939
844 32
368 361
442 851
852 922
688 651
283 97
599 447
804 517
986 928
473 787
221 693
169 10
978 784
86 469
411 197
535 260
586 607
290 112
607 246
511 45
994 217
151 396
197 478
311 330
297 392
706 628
619 189
892 879
452 812
787 749
112 441
61 464
814 22
211 63
323 537
804 40
453 134
116 448
339 355
196 440
202 745
441 439
701 529
201 785
79 365
851 252
327 871
453 440
310 83
167 908
21 36
478 773
300 29
30 178
767 897
718 255
703 617
945 801
8 955
940 220
431 923
142 554
141 941
539 978
295 120
856 846
46 794
105 318
377 221
401 446
953 121
366 422
955 711
460 159
498 806
725 741
358 826
198 559
713 545
934 371
293 329
648 856
553 788
616 108
29 351
972 145
756 776
799 960
682 10
369 829
957 148
425 99
907 682
728 324
770 178
633 908
723 587
691 489
675 812
198 701
711 26
109 964
804 424
260 986
745 912
9 606
622 514
970 227
718 893
519 884
574 481
687 194
193 410
328 447
771 127
115 601
6 728
79 946
210 831
84 996
469 686
667 815
444 508
192 333
429 112
840 425
586 71
197 212
163 92
770 44
235 383
166 718
137 889
11 912
840 312
380 593
405 104
16 953
145 859
371 63
279 752
195 237
915 548
901 537
500 712
376 982
896 183
509 774
609 696
824 144
632 263
389 326
911 449
676 602
440 482
848 303
24 225
621 991
422 353
960 792
65 932
262 766
156 277
428 530
503 78
693 42
750 437
890 568
194 115
837 779
643 682
240 285
919 553
821 775
933 861
412 476
948 190
881 245
203 449
189 46
187 132
899 867
863 178
791 817
944 840
560 956
736 746
808 295
616 516
413 443
162 892
472 316
554 966
905 688
895 586
729 340
568 598
97 2
291 728
300 929
709 267
602 893
41 971
227 784
666 65
597 567
637 746
291 412
480 323
409 841
266 194
999 664
551 655
764 521
367 478
760 122
614 117
46 513
54 98
659 726
401 826
293 892
384 8
560 177
450 265
418 235
76 467
974 460
760 856
542 240
850 5
685 760
582 768
696 687
143 252
881 341
642 685
807 165
354 463
268 867
712 441
967 931
199 309
551 160
481 944
341 164
611 55
423 898
602 507
535 638
570 336
807 792
124 287
403 686
740 333
366 803
541 364
781 445
329 454
311 722
188 287
429 611
322 469
985 147
235 796
938 763
1000 944
469 403
574 302
98 511
634 29
880 20
818 996
162 896
481 94
905 684
874 415
446 780
253 562
734 163
40 459
6 672
466 413
50 860
178 361
254 452
771 196
407 915
909 878
604 330
434 50
736 306
367 284
349 353
278 807
574 317
34 283
235 390
530 844
202 581
901 959
982 557
685 24
44 160
447 293
418 798
949 931
589 508
609 262
405 785
492 865
384 20
6 127
209 1
926 60
640 197
966 813
237 947
458 800
935 310
773 407
24 170
996 288
617 45
484 28
394 356
845 5
646 62
295 36
150 809
816 789
765 366
924 811
651 677
800 761
85 353
216 496
68 625
697 103
700 770
759 481
210 643
786 855
15 187
329 640
551 469
917 2
223 507
354 309
317 447
298 507
783 134
930 598
678 984
915 502
826 679
973 532
722 788
464 556
429 566
982 290
52 803
790 593
882 718
727 237
522 527
834 365
26 910
714 791
861 580
630 131
597 58
504 999
503 747
107 194
514 542
516 176
849 917
556 868
164 234
777 13
98 370
429 250
651 696
608 715
494 330
588 625
166 731
667 834
952 484
145 674
767 221
179 540
796 661
544 665
803 147
473 64
608 809
475 354
662 202
901 770
495 879
560 908
988 293
944 299
12 283
50 930
90 599
306 568
825 536
715 860
216 506
777 669
903 197
317 7
158 900
552 719
746 790
243 28
157 340
675 139
413 613
111 29
25 962
284 601
582 686
876 911
21 374
225 795
65 558
66 257
263 473
46 795
910 556
556 924
269 417
82 181
862 704
768 180
509 564
722 583
242 335
523 442
982 253
472 886
808 752
420 766
425 320
906 401
89 157
919 588
313 507
1000 319
85 103
394 860
514 849
181 693
695 958
866 380
265 713
486 597
655 476
783 267
880 384
902 655
322 541
75 895
499 923
10 946
249 64
550 492
330 131
26 184
745 800
282 46
763 443
798 572
378 663
54 602
606 23
978 84
116 263
425 574
852 603
682 48
675 666
468 388
202 296
602 113
481 247
357 908
799 293
319 550
323 645
984 585
714 350
993 781
686 216
500 811
727 564
328 124
21 71
663 760
8 890
405 216
577 895
743 692
250 897
390 420
767 932
936 522
578 951
599 879
530 818
694 65
732 396
312 447
96 470
559 793
437 914
68 772
416 493
392 326
998 602
932 828
158 444
345 347
199 336
958 135
82 906
85 281
639 838
711 437
358 807
412 336
294 63
445 161
851 930
674 953
548 962
702 27
596 762
193 57
468 885
320 164
620 279
326 398
717 727
792 722
614 893
814 403
191 752
19 688
986 515
178 499
552 188
398 724
735 661
439 504
903 585
26 15
448 853
837 197
732 957
839 635
145 651
559 264
818 178
894 153
586 214
804 97
573 444
22 418
228 595
800 669
606 700
704 420
447 256
289 674
641 437
552 760
480 307
262 159
673 516
671 241
55 332
591 302
817 416
872 740
764 946
176 171
33 278
73 565
973 90
974 461
586 409
893 372
199 423
811 33
351 376
225 956
870 572
172 605
512 194
324 928
596 824
133 70
483 243
285 779
624 513
180 231
473 27
402 105
369 154
556 650
902 922
762 659
669 933
554 900
160 91
397 290
779 221
425 41
297 501
71 28
271 494
661 818
169 44
464 976
896 790
624 894
252 919
787 900
312 612
382 143
254 704
44 718
486 895
197 84
508 771
235 61
553 80
576 159
562 414
876 194
571 404
438 877
240 676
258 31
559 447
690 58
858 936
127 857
20 517
420 319
836 592
611 516
297 588
262 462
600 307
54 812
615 69
87 288
91 70
660 452
491 531
332 533
324 278
963 397
729 883
732 86
56 687
443 83
3 668
498 380
472 328
603 244
529 708
129 214
93 541
276 35
645 802
744 395
120 421
67 126
75 319
167 907
940 137
372 635
393 986
600 820
823 732
9 535
934 199
30 272
493 106
114 97
745 509
621 366
161 432
199 280
91 947
479 56
128 942
229 570
234 937
455 67
350 815
887 92
434 402
838 512
437 581
494 526
353 394
425 5
463 965
230 8
17 435
145 134
84 381
196 855
588 829
202 192
94 50
277 754
978 929
13 24
311 471
406 73
541 514
700 421
866 925
81 691
960 90
923 334
660 686
18 592
40 424
447 533
75 703
488 730
505 732
253 838
827 155
723 90
67 381
31 123
34 461
257 91
79 637
266 155
695 166
127 609
914 971
993 962
882 506
185 154
138 32
858 371
876 904
772 935
555 305
679 467
928 621
376 666
622 379
553 784
521 498
725 626
857 426
161 483
678 648
953 127
833 39
80 253
498 804
511 574
26 850
356 756
194 412
250 953
156 64
934 83
411 363
522 593
463 985
378 67
658 17
198 350
454 244
231 482
378 946
148 950
701 30
903 838
122 447
710 340
857 768
700 474
314 525
359 329
207 250
490 330
93 255
785 776
595 357
153 826
102 725
103 10
106 890
876 266
70 209
128 584
311 217
192 335
853 534
178 302
306 507
469 797
383 763
283 875
33 958
840 423
953 765
920 498
370 409
45 175
158 854
489 61
306 733
713 935
789 208
737 263
775 989
617 825
874 122
261 504
779 119
11 193
819 854
827 355
746 369
256 361
640 61
789 864
991 661
856 987
734 988
621 551
826 395
129 681
852 655
246 746
57 685
502 768
394 543
181 885
57 831
136 170
994 180
85 137
247 677
735 323
517 28
389 937
734 649
894 526
844 505
39 601
193 169
982 363
674 664
952 810
365 427
540 113
338 569
66 968
986 521
809 112
22 871
415 348
956 80
773 614
944 936
652 377
726 590
196 589
861 173
143 786
903 584
135 994
616 804
429 193
568 967
819 291
277 381
614 446
173 60
174 239
819 758
161 869
788 623
628 366
563 774
831 795
585 21
384 236
884 7
723 387
492 1000
571 55
663 543
300 487
980 641
285 341
358 309
287 763
593 833
275 739
58 209
96 260
647 11
150 545
181 149
773 433
78 263
483 469
139 360
243 748
115 318
214 454
783 53
637 157
911 340
180 450
95 721
298 117
6 322
9 254
554 322
458 639
722 524
65 823
21 132
311 782
517 239
77 680
759 396
601 790
749 118
308 332
442 954
874 985
910 33
895 557
435 67
496 115
304 774
50 278
748 833
315 462
143 547
737 560
981 325
748 208
306 127
269 73
194 693
581 675
374 278
395 959
433 320
839 824
748 902
598 545
467 33
784 941
857 745
550 644
610 499
117 161
580 719
690 59
486 94
315 280
625 726
292 227
59 232
461 660
262 463
64 322
712 686
250 629
289 611
236 576
25 89
119 841
484 474
466 189
532 428
802 931
626 671
1 192
242 660
519 258
330 836
234 304
609 260
537 39
665 26
745 780
318 720
524 363
730 560
686 499
160 589
287 620
474 101
495 265
225 765
543 319
985 535
802 103
909 262
61 15
825 958
328 738
356 208
546 96
808 903
440 11
208 999
739 788
963 857
454 237
764 67
477 772
374 182
321 58
484 594
655 85
340 231
201 604
271 348
437 580
900 108
294 983
230 977
227 293
468 942
621 32
839 105
754 387
424 460
777 328
709 909
156 771
613 301
268 325
35 594
696 376
147 471
826 903
646 671
888 992
905 492
729 977
943 44
914 354
149 567
60 86
377 206
387 110
396 112
974 573
277 467
939 842
762 219
287 482
429 248
178 440
515 11
16 697
867 572
136 924
301 62
174 180
70 261
685 344
175 714
294 400
107 256
913 597
992 74
343 235
874 571
98 965
337 379
764 678
327 864
36 403
628 469
314 29
461 922
813 69
824 738
163 784
201 421
24 490
479 714
225 575
63 779
654 958
649 528
348 419
901 691
464 64
707 252
814 576
798 197
391 657
431 932
927 995
898 743
919 947
264 663
707 141
176 468
911 287
623 33
626 839
661 324
831 20
264 870
60 720
422 459
722 581
389 146
267 762
620 90
293 374
366 276
648 859
226 699
905 76
518 256
246 425
321 6
951 706
895 532
878 290
751 528
184 266
814 165
66 882
53 616
576 208
787 350
852 808
355 368
429 937
801 638
913 100
933 105
574 277
356 878
417 914
511 194
559 16
193 415
585 909
503 77
53 955
260 712
559 385
339 34
747 97
755 618
704 188
853 599
858 865
88 401
254 2
64 650
762 465
230 27
547 295
396 440
272 327
443 302
318 910
343 457
453 409
400 539
156 847
168 519
244 306
337 240
198 563
168 295
150 538
190 471
814 749
357 78
160 518
488 243
486 418
881 588
177 562
918 543
333 469
413 93
640 143
270 510
309 28
590 135
225 805
997 143
502 615
964 344
553 883
698 364
510 774
207 982
116 697
863 258
428 525
472 933
493 49
412 57
770 235
865 771
592 69
683 158
765 630
159 941
199 112
950 936
187 872
186 781
578 27
528 876
765 999
716 173
207 522
361 862
218 525
75 140
493 629
114 618
286 814
679 537
826 959
593 984
762 49
728 65
947 225
74 95
383 43
993 355
477 50
391 486
678 950
456 275
205 904
469 622
979 161
92 286
22 49
25 467
153 134
851 91
893 748
430 858
550 635
42 886
867 709
686 139
870 228
529 956
713 47
846 333
496 833
225 389
334 97
988 453
712 913
612 906
752 513
516 865
711 966
698 191
759 986
851 407
128 243
385 407
365 506
765 470
209 196
462 534
964 444
940 114
626 143
688 310
835 169
506 753
573 886
414 548
473 488
368 754
699 662
319 873
415 878
916 669
39 286
133 479
5 410
126 792
15 209
697 298
716 66
75 74
386 531
441 612
907 835
553 299
352 932
354 14
502 190
395 720
348 453
285 732
771 269
865 634
496 451
443 716
886 208
143 522
252 768
199 779
409 465
990 107
451 726
1 539
183 823
821 589
903 542
481 83
254 376
524 800
173 142
874 301
432 264
73 10
571 263
478 755
373 455
376 85
949 654
182 279
241 873
917 352
64 68
412 317
327 895
472 340
975 335
484 426
710 744
750 581
453 593
688 823
560 52
868 560
535 633
220 612
46 544
215 187
306 885
54 255
480 576
797 669
559 866
768 909
901 751
850 777
872 337
699 932
622 342
712 250
295 959
162 153
807 245
994 988
168 908
637 160
12 773
968 979
143 221
825 46
400 591
259 560
77 873
88 574
697 100
476 957
830 392
981 804
998 834
19 193
494 413
531 90
716 102
610 993
222 491
593 757
777 510
861 720
806 115
536 627
925 607
486 575
127 315
22 957
463 229
264 485
212 27
729 247
748 53
841 493
416 544
843 331
738 127
170 851
773 556
80 893
46 166
840 723
622 234
163 326
424 902
787 640
891 269
588 270
116 324
529 201
527 578
749 558
36 47
199 525
862 343
274 996
974 941
296 820
387 671
559 442
874 257
347 317
183 57
405 495
244 57
232 705
177 64
909 911
948 971
932 496
382 395
704 383
486 165
162 636
129 22
78 51
499 26
194 564
30 182
470 937
587 51
951 218
613 279
741 290
378 612
618 447
46 572
935 237
76 21
272 649
148 20
346 141
408 292
664 42
613 201
815 781
462 735
9 263
46 798
345 467
973 241
940 510
753 253
140 78
123 194
460 155
265 387
161 338
881 483
937 401
445 154
349 258
907 939
748 597
222 308
27 294
972 284
526 191
250 20
692 163
995 175
344 81
647 590
113 308
757 963
577 101
439 970
579 531
283 510
175 196
920 484
17 46
174 900
676 462
821 739
40 104
41 817
153 911
26 135
245 49
945 475
28 473
987 864
749 641
400 80
738 242
265 383
746 665
619 157
712 521
107 449
294 733
59 162
493 806
88 402
35 141
3 427
315 397
44 325
228 698
10 501
382 423
557 861
314 79
956 498
315 506
667 577
999 300
395 386
215 285
487 536
471 247
864 17
211 682
584 176
270 733
493 492
158 914
205 440
609 485
445 649
318 745
687 889
749 501
675 168
751 157
752 295
609 700
383 825
232 249
711 771
911 461
959 497
762 871
46 826
655 968
17 415
954 723
191 168
622 132
125 948
816 687
360 891
415 885
604 518
273 868
419 930
647 49
824 25
41 337
40 813
541 132
853 146
618 777
255 680
844 507
641 5
78 903
620 274
529 260
218 522
593 590
476 494
231 256
987 942
472 401
808 299
810 473
649 989
282 158
545 540
450 952
567 731
622 546
970 3
308 942
629 270
991 683
44 628
945 455
654 281
537 525
809 272
849 867
885 37
206 149
10 695
410 237
140 54
639 74
733 401
899 291
852 257
581 205
965 46
953 686
135 370
502 275
750 831
896 474
624 511
195 31
491 552
537 472
332 748
187 211
319 502
824 812
141 702
646 677
301 952
430 676
414 105
475 77
719 742
379 425
198 943
694 32
609 728
277 391
702 623
868 883
560 4
930 138
324 653
181 4
592 885
612 376
225 832
209 315
191 127
428 611
266 258
488 398
472 531
825 17
848 414
959 122
168 938
856 953
857 480
674 246
475 521
740 107
47 909
618 587
696 647
703 246
874 430
286 560
147 840
920 584
209 647
433 523
805 307
826 894
187 996
560 764
31 703
657 772
400 363
848 617
61 116
463 768
445 277
502 302
435 355
678 237
791 966
563 963
321 664
471 765
201 994
790 282
61 444
493 101
939 864
144 83
22 99
813 300
944 549
136 994
303 638
862 267
221 129
115 898
633 193
465 727
376 86
908 471
275 946
667 920
101 460
894 958
200 19
636 738
665 111
499 1
689 81
214 532
50 525
289 835
676 809
219 142
583 505
10 239
530 998
306 882
989 559
205 64
359 237
676 49
129 836
8 531
686 608
321 508
786 542
532 78
181 24
462 627
927 559
217 812
590 367
479 148
655 177
843 689
402 57
683 72
223 147
670 342
381 835
131 410
948 960
389 862
642 55
639 744
485 741
89 4
860 791
402 219
155 433
691 355
655 452
52 815
561 736
596 428
268 327
584 832
454 30
93 502
459 756
916 601
302 162
914 352
258 220
803 831
226 328
891 582
72 574
770 803
248 351
799 444
981 441
468 364
663 413
150 48
922 9
135 804
712 637
412 891
549 278
346 667
455 463
282 967
561 328
500 940
27 596
6 930
723 460
392 786
795 850
491 752
954 248
996 531
776 812
542 899
137 566
963 362
432 226
705 525
935 752
239 231
479 564
500 753
854 512
484 557
270 625
492 833
254 928
741 434
120 452
871 563
985 960
472 685
181 203
451 298
958 909
315 925
320 865
962 464
102 583
842 902
111 255
424 991
188 758
722 432
209 259
483 380
742 53
138 769
622 233
609 994
630 692
385 760
684 444
647 640
704 986
355 950
137 79
319 851
912 963
565 23
578 386
744 934
636 140
15 583
569 189
679 128
807 847
874 908
29 459
809 895
238 579
300 760
728 253
388 382
463 986
325 965
276 17
661 887
630 368
28 41
212 457
430 384
843 153
151 62
10 958
84 3
636 560
288 536
644 877
813 594
101 832
525 222
193 413
953 951
456 761
2 189
793 734
575 772
747 99
458 124
490 472
809 324
166 763
832 235
728 820
32 763
823 191
770 41
898 18
554 656
975 480
300 216
301 177
435 791
901 866
222 717
792 857
127 181
570 381
440 538
224 945
461 956
922 446
906 795
266 186
859 873
219 246
347 61
686 446
360 416
784 450
608 134
96 490
119 454
48 333
945 721
90 248
203 555
663 843
794 918
688 189
321 420
565 841
894 543
555 175
646 250
632 490
802 284
787 432
809 552
652 313
864 717
95 783
665 524
209 504
657 620
679 393
804 789
569 104
255 629
420 542
458 425
207 758
857 643
299 651
195 586
899 584
886 808
338 677
134 874
122 252
903 790
62 408
778 937
850 460
235 964
499 635
580 816
743 420
66 630
197 256
183 813
865 318
224 418
374 696
141 249
491 892
37 312
476 200
993 466
956 194
795 324
706 953
28 685
362 227
519 559
3 377
7 289
727 758
328 190
318 305
135 253
887 792
619 422
328 13
813 122
618 210
943 651
233 112
180 905
609 509
231 953
248 907
758 670
202 676
896 249
695 235
555 604
497 916
828 968
777 554
389 276
923 996
379 424
821 305
489 312
517 552
699 861
160 193
336 421
834 700
262 957
432 904
517 953
419 658
277 177
800 611
871 712
830 441
547 750
861 125
683 478
781 837
284 419
78 779
397 636
255 920
57 239
76 61
782 337
902 926
190 924
666 816
821 870
458 348
15 151
42 159
477 431
13 782
553 371
915 334
22 548
647 895
530 11
38 306
993 862
521 54
579 746
107 221
804 717
571 714
224 479
956 896
313 898
232 954
286 667
692 954
334 647
904 650
27 813
970 951
899 497
101 745
818 195
489 890
468 440
732 925
228 748
50 808
380 551
619 386
586 857
219 784
278 683
797 633
543 117
637 378
710 750
968 25
932 700
633 403
154 540
871 953
988 891
220 749
516 962
756 463
777 582
831 287
209 4
375 947
893 50
198 904
612 654
99 597
355 703
7 862
670 42
928 581
853 582
335 616
589 170
236 44
618 650
642 650
756 540
778 346
303 421
754 77
661 527
313 369
136 150
816 616
618 940
751 648
700 910
420 832
304 967
781 587
122 75
867 20
635 16
799 891
30 976
839 106
934 186
331 339
169 12
173 556
458 56
986 605
383 143
903 862
136 722
377 421
16 376
549 930
17 209
349 156
100 355
226 329
67 855
910 746
982 624
415 273
752 247
723 768
884 281
139 467
505 375
625 614
649 758
10 588
121 327
193 722
676 25
474 913
737 29
59 9
666 19
245 750
720 808
537 486
738 417
280 889
82 61
818 457
728 631
3 623
8 835
55 259
974 111
923 831
671 181
674 379
832 432
253 390
237 513
863 861
251 685
893 214
930 64
676 556
203 526
264 666
781 939
266 328
317 911
307 540
90 148
218 65
642 365
264 873
483 383
85 415
376 671
604 909
256 477
313 284
155 705
800 794
428 699
90 438
952 69
668 257
219 515
9 900
119 33
191 404
360 912
734 518
760 736
351 82
243 893
853 252
14 38
293 85
574 62
725 434
985 93
311 529
886 303
630 473
544 108
140 351
531 342
127 217
862 132
600 196
283 688
782 837
114 807
540 271
410 100
585 946
127 63
952 735
936 36
336 848
814 197
322 939
632 538
1 498
935 851
11 825
193 702
214 768
710 901
400 880
969 84
991 608
444 617
27 563
283 941
380 623
896 496
922 25
776 890
547 531
567 42
436 600
989 372
470 422
115 155
480 300
103 458
291 71
146 917
54 10
797 722
923 795
447 457
180 724
974 968
958 991
707 221
817 397
447 94
751 12
910 309
828 779
833 663
315 952
890 864
284 297
11 419
950 274
133 988
741 183
299 492
13 694
323 482
696 673
548 745
553 897
756 596
995 308
393 240
820 169
551 11
790 833
4 960
186 921
117 627
484 646
290 971
777 427
562 947
815 359
672 223
289 541
155 340
30 921
571 963
356 559
615 871
136 283
545 929
692 816
94 14
994 40
44 743
979 324
246 197
545 530
587 187
532 776
662 843
349 196
97 171
514 846
175 312
415 489
698 663
257 987
828 22
279 366
628 763
617 622
652 91
581 203
999 108
513 443
749 901
71 665
992 134
901 820
541 921
945 48
598 874
253 251
20 844
426 615
483 874
246 441
599 552
429 368
659 879
589 466
291 275
444 851
543 33
530 896
379 570
393 483
15 632
32 173
385 379
703 687
135 307
907 474
525 615
233 913
253 334
327 587
842 765
459 467
497 868
133 798
635 602
403 248
561 940
655 814
712 336
753 388
576 938
720 203
459 305
105 393
933 537
682 795
488 863
228 863
878 511
396 978
959 858
1000 265
585 652
705 45
293 412
497 305
904 79
451 56
584 983
382 756
471 797
865 526
147 699
39 633
631 995
863 871
649 878
335 343
852 437
781 153
984 91
567 648
731 806
408 663
207 265
265 998
486 880
268 387
987 829
986 664
202 395
439 619
173 378
947 367
784 243
117 173
889 60
123 884
306 300
288 815
699 335
24 581
815 943
805 599
129 414
572 934
439 249
187 128
775 771
633 176
483 825
659 794
879 703
555 669
646 756
616 45
84 623
12 508
585 390
180 374
399 396
242 739
258 604
634 957
909 731
306 880
437 234
607 898
613 321
831 286
253 589
172 789
4 594
152 485
787 269
237 830
823 731
96 514
925 103
780 686
342 27
364 583
146 270
780 287
77 870
705 517
30 676
33 128
796 363
354 986
376 360
351 121
243 864
887 91
501 396
752 454
109 183
660 697
754 300
863 466
611 397
517 994
761 632
923 330
263 964
198 843
964 855
627 951
276 816
541 507
540 517
308 578
644 996
916 769
648 511
278 302
597 964
286 869
606 146
58 908
40 143
666 719
823 301
245 90
905 609
871 314
641 923
465 535
706 591
266 576
19 853
88 266
72 911
679 768
295 719
477 232
171 837
747 22
50 890
676 26
126 209
594 895
442 240
996 831
620 943
750 778
680 364
414 389
435 938
8 836
293 702
797 604
444 676
860 252
236 838
989 384
617 977
450 472
177 688
214 769
879 433
576 461
849 134
100 264
85 700
534 583
280 310
157 112
824 435
864 948
405 642
190 232
968 266
603 81
234 724
143 50
310 513
276 913
560 300
802 361
986 250
76 70
260 397
209 547
998 877
35 903
786 181
768 424
844 67
807 841
810 63
506 22
643 597
98 559
204 881
62 275
86 373
970 264
553 352
2 583
683 997
795 175
100 561
530 80
880 21
978 120
460 563
779 883
373 120
339 968
412 516
421 128
808 193
457 437
630 16
723 942
191 463
724 477
581 436
748 427
325 118
164 52
478 428
318 946
67 963
177 135
468 386
70 202
92 310
336 992
33 960
766 338
343 743
864 310
22 408
949 628
675 510
913 565
257 9
962 846
977 304
750 913
292 517
665 37
210 378
348 381
160 683
203 719
440 651
8 975
36 630
9 410
599 869
637 402
855 479
107 927
827 358
920 4
224 657
78 300
465 63
953 188
786 108
39 131
149 463
161 17
660 61
96 714
354 546
372 815
765 272
158 422
570 814
133 108
320 621
964 634
969 848
731 273
18 156
660 787
303 56
829 676
920 704
726 20
838 562
56 390
141 771
509 841
911 819
825 438
844 502
38 389
558 700
99 185
62 271
322 456
783 373
587 92
520 19
518 514
227 349
523 920
546 339
1000 603
487 151
701 61
919 234
226 159
725 183
249 102
939 889
814 375
762 172
374 702
675 559
14 639
54 568
861 168
143 793
899 407
774 801
577 273
260 731
999 30
413 727
469 843
834 403
921 284
461 747
546 691
799 263
287 51
840 844
24 665
906 731
466 210
235 639
395 82
513 299
665 144
281 159
543 147
909 549
346 447
167 703
257 229
210 350
673 542
569 605
200 216
509 752
950 477
602 573
134 184
52 355
289 119
932 975
494 56
116 618
501 740
877 649
234 669
492 425
54 416
722 630
975 856
696 781
111 422
96 837
5 117
404 297
319 661
485 637
877 939
569 138
497 423
653 538
307 635
160 81
14 108
677 404
113 151
575 309
541 357
247 836
284 242
473 831
939 566
36 706
238 744
938 738
409 464
996 995
231 289
970 211
684 869
244 924
559 103
83 278
554 587
72 948
931 708
207 185
804 429
715 762
97 39
410 204
818 193
603 893
508 767
736 346
2 18
224 174
957 522
797 853
976 802
785 409
789 305
239 494
708 295
709 10
694 374
15 6
921 26
79 262
63 909
998 216
103 444
892 120
401 910
770 305
285 838
465 7
798 323
424 623
954 965
669 430
374 590
655 623
217 535
295 76
498 88
137 374
871 665
584 425
751 71
988 667
664 65
39 75
261 221
393 45
904 288
769 666
730 996
973 346
78 518
635 820
13 590
180 193
747 154
916 701
30 583
878 267
492 194
511 870
312 808
544 467
35 712
473 795
9 729
619 518
875 400
948 492
182 792
365 622
131 539
781 188
808 230
40 112
478 294
117 110
905 608
598 471
502 440
468 248
183 791
3 149
616 722
410 177
197 87
787 757
171 836
244 150
631 522
429 4
710 927
822 741
456 446
922 135
580 447
83 129
818 412
35 98
236 929
935 911
576 270
63 592
564 971
671 913
653 390
875 762
785 534
664 993
793 7
668 953
794 364
922 345
444 677
414 21
107 549
607 848
934 112
465 99
319 152
621 776
465 470
950 490
203 691
704 640
522 322
335 674
11 296
450 328
769 452
272 796
276 188
134 182
691 791
926 146
369 489
668 637
25 741
19 3
863 642
510 894
60 749
775 456
851 451
658 110
213 537
985 385
548 981
308 402
915 426
358 910
501 367
653 546
549 802
182 986
296 179
350 156
208 629
136 402
691 320
140 458
397 501
571 790
348 613
278 344
182 740
135 726
710 334
466 780
933 485
306 117
169 264
577 411
286 721
254 293
218 967
314 646
166 623
338 256
945 296
672 736
488 685
322 937
396 480
530 891
145 672
954 470
790 176
305 90
427 692
111 634
866 669
23 944
589 502
896 498
913 564
1 146
42 814
573 514
408 140
693 717
181 409
1 3
332 603
993 887
563 4
667 754
559 960
229 429
770 63
488 873
380 847
993 992
885 562
834 548
140 545
709 701
444 943
980 841
323 198
472 652
551 854
276 848
258 807
65 515
318 463
907 670
394 295
582 796
842 953
368 636
534 979
996 118
431 677
420 650
460 860
886 525
325 755
130 995
683 149
281 905
356 459
852 619
229 724
711 208
916 996
499 862
317 81
943 397
122 251
435 550
748 859
121 941
572 489
610 788
536 687
813 913
170 661
317 194
134 325
818 873
63 97
307 468
526 587
562 354
840 640
888 762
183 814
923 159
766 621
641 962
880 784
734 207
370 834
207 85
136 970
103 36
340 362
220 192
703 752
370 725
44 406
159 103
508 587
519 647
757 392
225 303
407 629
291 167
469 940
914 875
662 245
171 682
957 967
366 955
292 570
82 402
543 35
450 494
695 228
864 160
521 705
485 184
622 475
343 206
128 5
354 741
171 473
355 644
429 77
519 459
680 176
470 183
3 980
57 809
502 580
820 873
327 363
347 425
845 490
557 566
246 601
858 87
17 541
330 556
403 472
617 539
265 479
213 497
91 989
539 545
15 220
933 889
807 784
872 957
691 267
402 258
978 805
189 74
317 117
359 286
964 908
752 186
863 158
648 453
529 944
580 896
709 548
875 324
433 489
677 70
143 606
281 336
629 381
226 160
390 985
900 844
974 555
338 313
487 408
126 296
823 450
473 762
36 539
415 92
789 463
149 864
686 168
889 796
474 730
76 698
702 834
444 642
817 152
858 580
729 884
569 632
879 415
112 929
756 458
668 884
869 213
465 151
194 975
267 921
821 274
612 649
650 426
730 860
214 357
17 991
1 67
351 308
502 672
678 615
533 352
510 835
938 842
333 762
855 853
677 597
899 743
170 41
762 591
889 518
626 398
222 349
939 375
874 916
66 249
189 793
765 569
361 791
515 548
199 55
312 809
574 1
245 231
117 730
100 904
653 654
764 375
344 122
237 273
312 664
193 372
868 437
47 112
506 210
397 33
36 743
607 104
784 737
344 200
643 166
292 472
884 271
302 17
359 480
272 36
370 827
939 832
616 723
359 113
126 324
240 711
514 90
226 422
173 237
926 44
50 888
655 630
291 126
718 443
94 318
154 810
257 939
788 557
21 186
258 284
119 811
153 969
219 881
699 75
153 355
64 578
488 782
487 576
513 956
145 775
111 948
578 939
529 665
401 762
309 401
333 43
744 265
466 588
604 874
146 590
539 941
901 718
294 549
981 624
217 739
256 289
151 420
403 50
760 519
263 614
195 308
21 592
243 544
228 436
543 575
713 768
100 87
17 374
70 188
43 678
229 703
188 184
621 109
382 675
833 101
961 40
209 707
156 974
231 394
801 391
711 124
574 662
844 291
166 611
78 991
50 472
605 522
515 830
110 8
995 806
154 330
942 291
819 84
52 255
53 788
157 938
892 789
253 513
787 675
5 778
10 668
248 383
908 181
1 503
40 395
797 875
709 431
656 53
213 264
989 175
704 970
629 873
261 719
758 519
449 807
926 307
175 869
287 895
879 753
771 546
77 279
375 598
501 603
802 852
694 174
492 786
147 409
699 196
749 960
298 727
225 605
983 132
231 611
417 163
628 213
285 810
828 919
298 870
206 871
523 99
997 56
394 341
570 202
898 709
435 662
267 574
877 675
43 805
886 659
902 148
679 66
609 770
792 286
646 137
359 902
969 854
252 310
181 894
458 469
31 122
939 302
463 612
544 318
228 319
981 999
618 995
506 441
913 399
694 564
646 427
597 311
908 646
321 996
982 499
269 380
342 914
236 241
553 305
240 244
810 160
867 81
151 888
430 305
524 12
985 190
749 429
293 757
515 653
457 373
554 173
611 84
4 142
758 389
652 530
658 255
458 105
791 953
500 300
652 481
482 996
250 279
786 347
770 884
809 138
387 316
780 317
662 825
258 51
795 344
202 602
325 505
771 211
443 98
304 300
642 92
866 702
704 269
558 88
906 729
999 510
732 219
951 123
989 292
646 527
446 763
870 105
585 495
659 880
771 542
522 408
210 348
764 603
983 827
710 529
295 213
566 112
859 998
207 527
346 223
76 452
629 528
964 299
659 447
362 581
773 459
594 280
834 811
845 489
761 918
464 396
377 925
660 834
99 360
541 65
688 443
835 316
624 569
164 724
250 506
973 406
596 695
597 346
48 937
324 846
346 642
541 355
374 220
363 333
92 773
919 298
351 804
339 676
505 140
359 281
506 191
269 241
930 813
630 188
994 90
729 157
602 661
255 425
594 741
233 959
335 449
871 275
685 570
202 438
596 218
796 996
671 370
636 747
31 873
325 76
718 557
190 394
228 217
516 394
489 220
197 147
220 84
846 256
866 578
903 331
266 796
706 668
971 977
987 110
3 946
746 15
504 366
470 903
917 76
82 375
105 46
417 250
950 12
992 370
873 17
146 619
664 212
133 895
11 415
30 393
789 868
722 457
636 391
447 224
674 164
488 495
76 206
940 423
744 32
994 966
863 313
579 142
906 482
727 13
14 223
398 62
790 780
276 734
515 551
155 436
691 358
515 588
293 14
575 696
647 863
706 313
545 777
201 679
313 817
649 911
287 433
804 749
786 272
861 972
23 91
260 639
527 593
942 375
500 255
141 172
357 526
379 970
92 301
995 257
809 339
701 837
102 210
339 252
586 135
326 906
292 782
756 629
707 681
862 635
920 414
738 445
978 108
172 443
430 519
107 662
93 855
370 508
958 709
442 863
349 638
977 445
724 606
671 177
267 823
826 42
132 639
172 872
101 94
447 38
379 340
127 866
259 884
78 326
33 71
824 438
552 869
256 290
864 951
665 650
99 706
6 370
907 709
322 63
650 931
569 486
130 874
293 750
664 462
928 323
878 459
863 285
407 491
137 195
583 658
79 170
479 405
123 407
666 925
703 410
670 593
553 357
592 269
304 709
191 711
875 382
322 530
655 340
416 723
127 197
347 973
669 568
799 633
876 92
808 196
274 544
884 631
440 576
577 409
14 126
144 60
537 571
476 225
974 608
611 870
500 239
652 220
840 580
514 285
358 397
956 170
336 995
616 863
429 102
399 690
318 806
338 32
324 211
590 722
296 564
483 649
449 806
548 194
733 218
680 474
55 498
703 550
315 353
651 203
871 876
849 747
797 511
694 175
146 913
892 429
25 820
449 576
771 533
100 934
368 912
936 642
133 806
542 130
689 382
858 351
894 689
480 304
823 751
590 142
593 218
115 298
817 530
447 171
80 703
768 250
242 736
517 977
906 344
800 715
930 322
716 375
113 910
152 766
797 18
341 150
490 816
416 51
221 928
609 882
962 66
601 770
854 92
450 878
166 114
165 9
528 867
433 737
605 843
622 859
97 604
249 213
170 256
339 651
711 99
93 392
275 258
620 726
838 354
571 677
205 863
903 674
551 980
782 952
403 856
316 399
676 411
602 976
126 306
74 169
519 122
615 890
762 282
835 868
69 82
953 839
71 516
791 271
337 410
179 69
380 536
73 480
112 586
421 934
996 754
173 69
654 684
325 282
756 210
496 888
996 577
727 467
230 137
110 467
606 564
901 978
333 144
560 220
629 758
836 57
565 613
256 93
42 546
172 161
484 147
289 545
556 63
884 348
252 6
894 685
119 342
191 101
375 200
211 795
531 760
368 666
481 861
869 482
156 371
626 25
679 97
916 309
649 470
423 807
542 299
691 623
449 104
912 768
345 47
725 276
377 766
971 574
234 973
19 283
423 517
269 159
114 37
296 259
152 871
762 890
504 614
691 442
268 345
770 567
678 148
386 780
773 672
830 979
942 745
598 351
641 770
606 186
143 600
921 562
442 339
10 883
174 966
16 416
883 704
19 727
538 301
405 691
776 506
799 454
144 4
59 371
496 567
150 46
743 165
374 520
434 757
669 315
442 216
177 93
681 733
222 767
410 493
716 789
275 553
239 344
171 648
577 909
963 372
690 740
610 340
533 170
42 631
779 38
428 136
712 3
881 956
555 447
573 810
725 771
923 967
881 525
589 212
868 797
483 505
103 748
270 441
577 632
238 109
494 219
77 913
886 681
703 941
372 755
708 885
46 884
548 734
146 266
750 194
778 327
561 605
393 163
655 191
656 887
990 554
260 405
8 454
126 940
307 850
192 511
666 791
95 979
959 890
670 491
174 575
235 724
158 708
130 600
795 854
192 769
203 160
304 843
726 962
468 950
30 981
179 61
576 935
47 884
174 356
752 216
680 645
517 382
615 591
813 428
218 895
93 353
390 496
350 470
600 75
486 784
714 255
130 412
867 471
561 455
248 357
766 683
767 118
532 947
577 734
619 71
951 412
644 548
349 298
611 555
10 472
136 787
410 350
799 216
235 463
163 58
162 394
257 33
205 683
328 126
289 752
805 728
582 432
534 402
542 901
634 618
90 972
287 810
149 213
833 876
996 488
23 764
943 703
489 362
589 359
382 82
21 267
115 416
854 994
744 464
357 419
765 38
415 620
287 584
695 351
272 799
76 269
494 4
684 204
117 370
410 901
329 491
219 319
955 611
28 579
265 59
765 264
744 661
610 715
924 769
561 633
599 129
711 459
124 231
215 664
829 668
26 859
189 317
924 176
997 454
108 307
45 373
253 471
921 942
117 523
557 798
744 827
799 949
655 433
805 356
225 603
420 966
403 752
133 423
389 973
505 218
752 373
71 223
753 908
332 970
293 33
421 508
200 226
232 361
265 576
86 504
913 92
363 165
257 720
40 192
41 169
848 567
226 247
653 914
793 567
231 251
399 927
880 247
218 962
520 808
850 467
832 74
274 648
463 484
780 490
158 530
654 439
235 141
440 851
679 800
774 712
978 303
482 574
72 830
382 95
442 144
747 135
714 324
571 181
292 946
646 545
874 549
281 135
643 632
339 505
124 609
832 135
237 702
552 262
718 183
854 951
67 259
385 274
161 794
155 868
907 437
622 450
261 368
241 382
413 85
342 357
200 414
642 557
55 512
168 956
858 207
548 647
436 921
642 732
25 710
778 396
302 838
268 882
712 392
587 532
146 338
240 441
242 235
652 968
545 120
798 858
69 874
855 799
243 474
143 387
327 422
990 738
536 869
494 493
316 981
282 549
337 598
998 781
213 75
855 21
666 847
539 503
164 980
62 160
283 181
431 117
952 836
271 412
38 441
847 957
958 382
652 701
765 848
165 10
176 719
829 499
54 527
83 657
6 713
729 135
841 477
14 289
24 801
938 669
667 73
890 114
908 885
767 117
456 652
780 319
995 457
175 455
532 944
163 277
25 298
260 711
46 80
568 553
382 232
934 643
404 906
581 182
893 740
291 181
892 71
2 957
372 181
139 252
505 524
434 560
194 708
250 824
36 467
633 505
462 461
923 845
375 564
513 201
826 112
756 497
997 969
216 850
127 891
954 924
205 38
194 793
962 53
807 201
191 325
502 603
413 426
473 327
293 362
210 117
323 453
731 448
934 295
132 229
703 110
393 279
786 870
222 356
350 825
26 659
58 292
928 251
450 883
803 813
697 306
203 9
521 124
43 736
602 369
843 121
431 508
961 459
706 467
532 715
277 171
809 970
293 249
792 824
746 905
881 25
991 359
848 767
395 71
406 443
598 463
302 248
527 961
54 617
1 531
316 428
335 112
852 78
600 31
329 15
899 530
978 356
373 350
836 602
624 308
877 18
295 695
595 405
758 931
540 905
435 804
353 883
871 209
676 961
258 654
854 908
604 99
25 169
989 439
172 247
724 580
376 938
529 690
312 402
116 948
391 676
105 189
385 545
287 599
608 324
493 318
797 262
343 401
220 521
262 802
194 236
68 86
441 829
481 888
722 598
483 214
284 413
12 908
169 971
61 749
703 130
869 662
637 466
691 586
194 398
623 622
700 900
494 421
635 185
174 551
265 329
907 790
639 657
859 856
786 221
60 312
192 770
247 804
29 401
503 478
965 512
143 665
554 208
478 8
5 664
874 693
895 835
291 551
761 349
523 932
231 321
641 877
866 32
572 25
117 106
84 101
658 852
571 605
956 17
139 457
107 477
35 264
240 762
656 718
154 134
876 23
589 802
419 54
920 14
365 942
192 492
581 710
103 254
841 977
913 588
128 900
310 444
97 289
980 492
875 766
659 829
785 522
91 271
988 55
186 105
295 441
461 913
409 782
971 694
929 455
569 552
343 429
823 999
226 188
81 134
120 348
121 645
160 755
729 966
826 40
423 426
971 589
507 285
968 793
238 415
702 558
977 93
397 988
860 398
254 645
203 917
445 944
392 292
873 420
569 484
759 297
644 812
621 328
627 715
20 411
904 302
899 597
331 23
5 474
448 361
302 628
606 454
218 399
347 801
478 85
168 974
236 703
759 700
164 460
627 918
802 474
799 746
251 442
248 368
793 692
763 455
784 704
931 563
515 944
975 846
518 837
904 761
905 640
410 110
774 790
287 292
126 276
606 2
532 993
666 351
740 844
227 915
193 519
503 998
867 522
883 552
610 432
278 920
637 617
969 55
110 731
736 262
221 194
334 483
444 615
659 1000
822 372
550 935
314 87
443 313
561 510
177 501
712 475
1 7
76 765
383 963
336 658
542 998
910 842
638 79
675 195
366 786
292 657
280 121
669 481
12 528
806 698
883 21
996 284
195 503
362 620
237 880
505 667
81 396
356 2
266 278
431 560
750 470
623 76
954 731
613 102
251 941
515 208
80 211
522 950
905 6
962 209
191 289
178 576
575 399
579 840
601 768
621 445
324 853
833 213
445 39
670 544
9 941
400 488
570 764
554 25
50 360
907 727
718 907
311 627
630 343
984 551
27 56
13 197
343 834
326 20
793 609
169 479
634 13
264 421
140 200
435 444
537 612
314 567
763 116
97 30
146 821
153 796
876 352
842 208
348 905
644 622
791 265
634 350
83 204
185 540
59 55
885 335
357 806
304 190
585 3
805 717
646 514
524 234
413 869
787 463
822 451
73 704
901 976
300 473
543 47
376 911
820 672
270 641
118 42
772 835
521 709
243 161
595 820
778 252
597 133
826 224
618 26
205 37
67 272
831 589
730 836
659 448
94 743
924 932
973 177
719 861
975 807
959 98
925 14
468 591
363 659
694 757
678 718
238 177
555 17
561 640
356 260
839 345
437 709
520 327
852 548
501 434
13 950
51 383
342 834
553 945
238 915
795 844
982 274
937 243
134 841
9 905
648 457
761 320
445 301
875 312
838 332
567 646
235 921
404 730
830 928
784 776
757 449
536 344
813 659
301 447
374 671
670 984
718 64
107 496
365 824
793 671
888 283
944 733
391 338
984 750
550 525
45 971
34 444
803 319
167 993
663 343
866 577
885 291
618 174
157 208
647 411
751 398
77 331
421 809
851 348
671 73
133 784
486 257
572 642
684 452
940 94
325 214
349 825
251 553
638 903
567 409
431 604
57 336
40 108
108 773
270 524
738 984
